c8:54:4b:93:d1:02 67.93023255813954 58.90909090909091 57.29545454545455 66.46511627906976 49.56818181818182 48.95454545454545 55.5 73.13953488372093 84.44
ca:54:4b:b2:43:62 78.04651162790698 69.8409090909091 69.86363636363636 82.02325581395348 62.31818181818182 59.06818181818182 71.70454545454545 81.74418604651163
c8:54:4b:92:43:62 78.4186046511628 69.81818181818181 69.86363636363636 81.30232558139535 62.38636363636363 58.84090909090909 71.47727272727273 81.3953488372093
ac:22:05:8b:d2:13 65.30232558139535 65.72727272727273 64.93181818181819 76.82051282051282 71.06451612903226 72.45161290322581 71.66666666666667 81.66666666666667
88:ac:c0:59:92:f1 85.0 80.52380952380952 80.7 86.65853658536585 81.375 80.0 80.0
44:fe:3b:74:48:87 76.95238095238095 70.5813953488372 65.48484848484848 74.76744186046511 72.15625 77.8529411764706 79.6969696969697 80.26923076923077
9c:6f:52:15:d2:79 77.46341463414635 72.97727272727273 74.61363636363636 81.3103448275862 69.13636363636364 67.02272727272727 73.5909090909091 87.10526315789474
98:0d:67:3e:39:61 81.63636363636364 77.68181818181819 77.13636363636364 84.6 67.11363636363636 70.20454545454545 77.05263157894737 85.1304347826087
c8:54:4b:92:43:61 71.48837209302326 63.86363636363637 59.97727272727273 72.20930232558139 58.86363636363637 51.47727272727273 63.86363636363637 77.96875 87.0
c8:54:4b:93:d1:01 60.627906976744185 53.43181818181818 58.36363636363637 68.88372093023256 49.86363636363637 49.22727272727273 56.54545454545455 73.90697674418605 82.94594594594595
ae:22:15:8b:d2:59 73.73809523809524 71.89285714285714 67.425 72.61538461538461 75.62790697674419 75.42105263157895 79.4375 82.22222222222223
ac:22:05:8b:d2:59 73.79069767441861 69.87878787878788 68.38636363636364 74.34883720930233 74.95348837209302 76.1891891891892 77.55555555555556 81.6842105263158
ae:22:15:16:f1:d5 85.4 80.0 79.65384615384616 83.43333333333334 75.4390243902439 74.1590909090909 80.75 82.8
ac:22:05:16:f1:d5 83.8 77.875 78.0 88.5 75.75 73.08571428571429 80.70370370370371 88.5
ca:54:4b:b3:d1:02 68.48648648648648 59.48837209302326 57.79545454545455 70.0 50.5 49.75 56.0625 70.5 86.75
b8:3a:08:72:5b:91 79.0
96:9a:4a:f3:ef:ea 78.0 81.0
2c:b2:1a:96:4f:0a 83.4
44:fe:3b:74:48:88 84.16666666666667 75.76 76.075 77.0 79.11111111111111
70:2e:22:8a:e3:4d 86.1 80.0 80.0
00:1d:c9:07:2d:f7 83.48484848484848 80.25925925925925 80.66666666666667 87.91666666666667 81.82608695652173 79.71428571428571 80.8
6a:02:98:4e:c0:70 79.85714285714286 80.0 80.03703703703704 82.10344827586206 81.5
68:02:b8:4e:c0:70 80.5 80.75 78.52941176470588 88.33333333333333 83.0 79.0
88:d2:74:aa:90:a8 85.66666666666667
b8:3a:08:5b:30:91 77.0
06:83:c8:73:5f:6f 82.0
50:7e:5d:7c:b3:32 81.25 73.97727272727273 71.72413793103448 77.51515151515152 64.97222222222223 66.3953488372093 75.74193548387096 86.95238095238095 86.84615384615384
70:2e:22:8a:e3:4e 86.3 87.0
2a:35:d1:2b:9a:d9 83.25 81.0 80.0 80.47368421052632
6c:b7:49:2c:93:11 84.0
90:9a:4a:05:f5:b6 82.0
90:9a:4a:f3:ef:ea 85.0
8a:ac:c0:be:6a:a1 83.0 80.92 83.81818181818181 81.5 81.0
04:f0:21:49:24:5f 71.0
5c:a8:6a:0a:d1:2c 85.625 77.71052631578948 79.72727272727273 82.44 80.70588235294117 80.0 81.07894736842105 84.94285714285714 91.6
4c:1b:86:91:9b:db 85.0 82.0 81.0
54:be:53:7b:c7:f5 84.85714285714286
c4:06:83:45:89:a5 85.0
6c:b7:49:2c:93:10 85.0
34:ce:00:52:84:2c 85.08695652173913
12:5f:67:78:21:06 86.0 80.0 86.47368421052632
9a:0d:67:32:0d:92 90.0
54:fa:3e:bd:f6:4a 82.0
98:0d:67:32:0d:92 90.0
ac:22:05:a3:99:b2 85.0
bc:a5:11:ad:06:62 88.0
00:5f:67:78:21:06 87.0 81.0 84.4375
d0:60:8c:23:3d:d3 91.0 90.0 80.0 82.0 80.8
ac:22:05:a3:99:e4 88.0 80.0 81.0 80.125
82:29:94:c4:2b:c5 90.0 81.0 91.42857142857143
ac:22:05:5b:91:ad 85.0
10:b1:f8:a3:c1:6c 85.0
64:6d:6c:02:45:78 81.375 81.0 88.05263157894737 80.0
80:29:94:c4:2b:c4 87.0
8a:ac:c0:ae:6a:a1 87.0 81.08 84.22222222222223 80.26923076923077 81.0 81.45454545454545 89.0
9c:6f:52:15:d2:7a 74.0 79.37931034482759 83.0 76.6829268292683 72.43181818181819 85.72413793103448 87.0
1c:64:99:71:d6:f0 81.71428571428571 81.0 79.0
00:5f:67:78:1e:1e 87.0 77.0
1c:3a:de:96:1a:29 74.46153846153847 75.28571428571429 75.44 74.41935483870968
ae:22:15:5b:91:c5 81.0 82.0
ae:22:15:a3:99:e4 80.0 79.46153846153847
98:01:a7:e6:45:d0 81.0 81.0
32:b1:b5:2d:92:51 81.0
38:b1:db:2e:54:53 81.0 84.0 81.0
06:5f:67:78:1e:1e 79.88888888888889 80.0 89.25 79.05 81.0
8a:ac:c0:9e:6a:a1 81.08695652173913 87.5 80.29629629629629 81.0 81.0
88:ac:c0:be:6a:a1 81.11764705882354 86.6 79.14285714285714 81.0 82.0 91.0
18:35:d1:2b:9a:d9 82.0 81.16666666666667
88:d2:74:aa:90:a7 81.0 80.0
34:da:b7:df:7e:75 80.0 90.4 78.8 81.0 80.0
7a:60:8c:23:3d:d1 91.33333333333333 81.0 81.0 81.0
4a:5a:b6:71:57:70 80.34482758620689 80.22222222222223
ac:22:05:16:f1:c7 71.35714285714286 71.63888888888889
f0:9f:c2:fd:23:9d 82.0
32:b5:c2:b8:63:ad 80.0
48:d3:43:1b:79:d9 80.75
8a:ac:c0:9e:6a:a2 77.0
88:ac:c0:be:6a:a2 77.0
6a:02:98:06:63:fe 82.0
5a:d3:43:a7:de:79 81.0
70:77:81:84:0a:19 83.0 81.0 81.0
c8:00:84:84:d5:32 88.92307692307692 89.0 89.0
c8:00:84:84:d5:35 89.91666666666667 90.95238095238095
c8:00:84:84:d5:31 89.41666666666667 91.16666666666667
c8:00:84:84:d5:34 89.0 88.42857142857143
c8:00:84:84:d5:30 88.25 91.33333333333333
88:dc:96:0f:b4:c2 91.0 85.90697674418605
c8:d1:2a:3e:e0:94 91.0 83.96153846153847
c8:d1:2a:29:2b:94 83.77777777777777
12:5f:67:78:21:07 84.30555555555556
66:eb:8c:69:6f:f6 86.85714285714286
00:02:6f:d8:84:d0 82.48
12:5f:67:74:e6:8a 88.0
00:1d:60:e3:8c:48 90.61111111111111
1a:e8:29:ed:7e:67 87.6
c8:d1:2a:29:2b:90 82.72222222222223
4c:1b:86:56:7a:6f 83.37837837837837
c0:25:06:92:71:5f 88.85
18:35:d1:13:d4:b7 88.0
cc:d4:2e:15:df:f4 85.73076923076923
6a:d3:43:cf:88:51 87.33333333333333
5a:d3:43:cf:88:51 86.0
48:d3:43:cf:88:51 85.92307692307692
18:d6:c7:52:d6:ea 89.23076923076923
18:e8:29:ed:7e:67 86.33333333333333
7c:8b:ca:b7:bc:c8 87.63636363636364
2a:35:d1:13:d4:b1 89.23529411764706
f0:29:29:0e:5e:20 89.07692307692308
f0:29:29:0e:5e:21 89.53846153846153
00:5f:67:74:e6:8a 90.0
c8:d1:2a:3e:e0:98 81.94285714285714
00:5f:67:78:21:07 84.28571428571429
ce:d4:2e:25:df:f4 86.6842105263158
74:da:88:ed:0a:c1 89.0
c8:00:84:84:d5:3a 83.26923076923077
c8:00:84:84:d5:3e 83.10344827586206
c8:00:84:84:d5:3d 83.2258064516129
c8:00:84:84:d5:3b 82.55172413793103
c8:00:84:84:d5:3f 83.04
6a:fe:3b:7d:df:e0 90.0
70:9f:2d:9a:2d:3c 89.9090909090909
92:00:4e:7c:ea:69 89.04761904761905
90:00:4e:7c:ea:68 89.18181818181819
18:35:d1:13:d4:b1 89.44444444444444
24:f5:a2:6d:8e:bf 89.0
24:f5:a2:6d:8e:be 91.0
54:67:51:e0:81:c7 91.16666666666667
c8:54:4b:93:d1:02 67.93023255813954 58.90909090909091 57.29545454545455 66.46511627906976 49.56818181818182 48.95454545454545 55.5 73.13953488372093 84.44
ca:54:4b:b2:43:62 78.04651162790698 69.8409090909091 69.86363636363636 82.02325581395348 62.31818181818182 59.06818181818182 71.70454545454545 81.74418604651163
c8:54:4b:92:43:62 78.4186046511628 69.81818181818181 69.86363636363636 81.30232558139535 62.38636363636363 58.84090909090909 71.47727272727273 81.3953488372093
ac:22:05:8b:d2:13 65.30232558139535 65.72727272727273 64.93181818181819 76.82051282051282 71.06451612903226 72.45161290322581 71.66666666666667 81.66666666666667
88:ac:c0:59:92:f1 85.0 80.52380952380952 80.7 86.65853658536585 81.375 80.0 80.0
44:fe:3b:74:48:87 76.95238095238095 70.5813953488372 65.48484848484848 74.76744186046511 72.15625 77.8529411764706 79.6969696969697 80.26923076923077
9c:6f:52:15:d2:79 77.46341463414635 72.97727272727273 74.61363636363636 81.3103448275862 69.13636363636364 67.02272727272727 73.5909090909091 87.10526315789474
98:0d:67:3e:39:61 81.63636363636364 77.68181818181819 77.13636363636364 84.6 67.11363636363636 70.20454545454545 77.05263157894737 85.1304347826087
c8:54:4b:92:43:61 71.48837209302326 63.86363636363637 59.97727272727273 72.20930232558139 58.86363636363637 51.47727272727273 63.86363636363637 77.96875 87.0
c8:54:4b:93:d1:01 60.627906976744185 53.43181818181818 58.36363636363637 68.88372093023256 49.86363636363637 49.22727272727273 56.54545454545455 73.90697674418605 82.94594594594595
ae:22:15:8b:d2:59 73.73809523809524 71.89285714285714 67.425 72.61538461538461 75.62790697674419 75.42105263157895 79.4375 82.22222222222223
ac:22:05:8b:d2:59 73.79069767441861 69.87878787878788 68.38636363636364 74.34883720930233 74.95348837209302 76.1891891891892 77.55555555555556 81.6842105263158
ae:22:15:16:f1:d5 85.4 80.0 79.65384615384616 83.43333333333334 75.4390243902439 74.1590909090909 80.75 82.8
ac:22:05:16:f1:d5 83.8 77.875 78.0 88.5 75.75 73.08571428571429 80.70370370370371 88.5
ca:54:4b:b3:d1:02 68.48648648648648 59.48837209302326 57.79545454545455 70.0 50.5 49.75 56.0625 70.5 86.75
b8:3a:08:72:5b:91 79.0
96:9a:4a:f3:ef:ea 78.0 81.0
2c:b2:1a:96:4f:0a 83.4
44:fe:3b:74:48:88 84.16666666666667 75.76 76.075 77.0 79.11111111111111
70:2e:22:8a:e3:4d 86.1 80.0 80.0
00:1d:c9:07:2d:f7 83.48484848484848 80.25925925925925 80.66666666666667 87.91666666666667 81.82608695652173 79.71428571428571 80.8
6a:02:98:4e:c0:70 79.85714285714286 80.0 80.03703703703704 82.10344827586206 81.5
68:02:b8:4e:c0:70 80.5 80.75 78.52941176470588 88.33333333333333 83.0 79.0
88:d2:74:aa:90:a8 85.66666666666667
b8:3a:08:5b:30:91 77.0
06:83:c8:73:5f:6f 82.0
50:7e:5d:7c:b3:32 81.25 73.97727272727273 71.72413793103448 77.51515151515152 64.97222222222223 66.3953488372093 75.74193548387096 86.95238095238095 86.84615384615384
70:2e:22:8a:e3:4e 86.3 87.0
2a:35:d1:2b:9a:d9 83.25 81.0 80.0 80.47368421052632
6c:b7:49:2c:93:11 84.0
90:9a:4a:05:f5:b6 82.0
90:9a:4a:f3:ef:ea 85.0
8a:ac:c0:be:6a:a1 83.0 80.92 83.81818181818181 81.5 81.0
04:f0:21:49:24:5f 71.0
5c:a8:6a:0a:d1:2c 85.625 77.71052631578948 79.72727272727273 82.44 80.70588235294117 80.0 81.07894736842105 84.94285714285714 91.6
4c:1b:86:91:9b:db 85.0 82.0 81.0
54:be:53:7b:c7:f5 84.85714285714286
c4:06:83:45:89:a5 85.0
6c:b7:49:2c:93:10 85.0
34:ce:00:52:84:2c 85.08695652173913
12:5f:67:78:21:06 86.0 80.0 86.47368421052632
9a:0d:67:32:0d:92 90.0
54:fa:3e:bd:f6:4a 82.0
98:0d:67:32:0d:92 90.0
ac:22:05:a3:99:b2 85.0
bc:a5:11:ad:06:62 88.0
00:5f:67:78:21:06 87.0 81.0 84.4375
d0:60:8c:23:3d:d3 91.0 90.0 80.0 82.0 80.8
ac:22:05:a3:99:e4 88.0 80.0 81.0 80.125
82:29:94:c4:2b:c5 90.0 81.0 91.42857142857143
ac:22:05:5b:91:ad 85.0
10:b1:f8:a3:c1:6c 85.0
64:6d:6c:02:45:78 81.375 81.0 88.05263157894737 80.0
80:29:94:c4:2b:c4 87.0
8a:ac:c0:ae:6a:a1 87.0 81.08 84.22222222222223 80.26923076923077 81.0 81.45454545454545 89.0
9c:6f:52:15:d2:7a 74.0 79.37931034482759 83.0 76.6829268292683 72.43181818181819 85.72413793103448 87.0
1c:64:99:71:d6:f0 81.71428571428571 81.0 79.0
00:5f:67:78:1e:1e 87.0 77.0
1c:3a:de:96:1a:29 74.46153846153847 75.28571428571429 75.44 74.41935483870968
ae:22:15:5b:91:c5 81.0 82.0
ae:22:15:a3:99:e4 80.0 79.46153846153847
98:01:a7:e6:45:d0 81.0 81.0
32:b1:b5:2d:92:51 81.0
38:b1:db:2e:54:53 81.0 84.0 81.0
06:5f:67:78:1e:1e 79.88888888888889 80.0 89.25 79.05 81.0
8a:ac:c0:9e:6a:a1 81.08695652173913 87.5 80.29629629629629 81.0 81.0
88:ac:c0:be:6a:a1 81.11764705882354 86.6 79.14285714285714 81.0 82.0 91.0
18:35:d1:2b:9a:d9 82.0 81.16666666666667
88:d2:74:aa:90:a7 81.0 80.0
34:da:b7:df:7e:75 80.0 90.4 78.8 81.0 80.0
7a:60:8c:23:3d:d1 91.33333333333333 81.0 81.0 81.0
4a:5a:b6:71:57:70 80.34482758620689 80.22222222222223
ac:22:05:16:f1:c7 71.35714285714286 71.63888888888889
f0:9f:c2:fd:23:9d 82.0
32:b5:c2:b8:63:ad 80.0
48:d3:43:1b:79:d9 80.75
8a:ac:c0:9e:6a:a2 77.0
88:ac:c0:be:6a:a2 77.0
6a:02:98:06:63:fe 82.0
5a:d3:43:a7:de:79 81.0
70:77:81:84:0a:19 83.0 81.0 81.0
c8:00:84:84:d5:32 88.92307692307692 89.0 89.0
c8:00:84:84:d5:35 89.91666666666667 90.95238095238095
c8:00:84:84:d5:31 89.41666666666667 91.16666666666667
c8:00:84:84:d5:34 89.0 88.42857142857143
c8:00:84:84:d5:30 88.25 91.33333333333333
88:dc:96:0f:b4:c2 91.0 85.90697674418605
c8:d1:2a:3e:e0:94 91.0 83.96153846153847
c8:d1:2a:29:2b:94 83.77777777777777
12:5f:67:78:21:07 84.30555555555556
66:eb:8c:69:6f:f6 86.85714285714286
00:02:6f:d8:84:d0 82.48
12:5f:67:74:e6:8a 88.0
00:1d:60:e3:8c:48 90.61111111111111
1a:e8:29:ed:7e:67 87.6
c8:d1:2a:29:2b:90 82.72222222222223
4c:1b:86:56:7a:6f 83.37837837837837
c0:25:06:92:71:5f 88.85
18:35:d1:13:d4:b7 88.0
cc:d4:2e:15:df:f4 85.73076923076923
6a:d3:43:cf:88:51 87.33333333333333
5a:d3:43:cf:88:51 86.0
48:d3:43:cf:88:51 85.92307692307692
18:d6:c7:52:d6:ea 89.23076923076923
18:e8:29:ed:7e:67 86.33333333333333
7c:8b:ca:b7:bc:c8 87.63636363636364
2a:35:d1:13:d4:b1 89.23529411764706
f0:29:29:0e:5e:20 89.07692307692308
f0:29:29:0e:5e:21 89.53846153846153
00:5f:67:74:e6:8a 90.0
c8:d1:2a:3e:e0:98 81.94285714285714
00:5f:67:78:21:07 84.28571428571429
ce:d4:2e:25:df:f4 86.6842105263158
74:da:88:ed:0a:c1 89.0
c8:00:84:84:d5:3a 83.26923076923077
c8:00:84:84:d5:3e 83.10344827586206
c8:00:84:84:d5:3d 83.2258064516129
c8:00:84:84:d5:3b 82.55172413793103
c8:00:84:84:d5:3f 83.04
6a:fe:3b:7d:df:e0 90.0
70:9f:2d:9a:2d:3c 89.9090909090909
92:00:4e:7c:ea:69 89.04761904761905
90:00:4e:7c:ea:68 89.18181818181819
18:35:d1:13:d4:b1 89.44444444444444
24:f5:a2:6d:8e:bf 89.0
24:f5:a2:6d:8e:be 91.0
54:67:51:e0:81:c7 91.16666666666667
c8:54:4b:93:d1:02 1.6928069226608975 47.53719008264463 6.435433884297521 6.899945916711734 25.881714876033058 7.134297520661155 12.931818181818182 24.306111411573823 7.686400000000001
ca:54:4b:b2:43:62 4.462952947539211 11.58832644628099 2.6632231404958677 9.697133585722009 16.853305785123972 10.018078512396695 8.435433884297519 27.67874526771228
c8:54:4b:92:43:62 3.545700378583018 11.512396694214875 2.526859504132231 8.629529475392104 16.418904958677686 7.815599173553721 7.294938016528928 25.355327203893996
ac:22:05:8b:d2:13 8.443482963764195 2.9256198347107443 5.836260330578512 16.86522024983564 1.9313215400624357 5.150884495317377 0.2222222222222222 12.388888888888893
88:ac:c0:59:92:f1 0.0 3.6780045351473922 0.7433333333333336 9.737061273051754 0.984375 0.0 0.0
44:fe:3b:74:48:87 16.71201814058957 5.22011898323418 10.067952249770432 6.085451595457005 9.3193359375 4.772491349480969 1.241505968778696 13.504437869822485
9c:6f:52:15:d2:79 4.5901249256395 36.34039256198347 14.327995867768596 4.972651605231867 10.708677685950413 56.1585743801653 7.8326446280991755 16.725761772853183
98:0d:67:3e:39:61 2.4132231404958673 1.0351239669421484 5.890495867768595 4.94 11.19163223140496 10.844524793388427 7.04986149584488 22.3742911153119
c8:54:4b:92:43:61 8.482422931314224 18.481404958677683 11.976756198347108 9.653866955110871 21.072314049586776 15.431301652892557 21.254132231404956 13.1552734375 2.625
c8:54:4b:93:d1:01 3.6289886425094657 7.381714876033057 14.095041322314056 16.288804759329366 7.890495867768596 27.402892561983467 12.929752066115704 11.200648999459167 5.888970051132214
ae:22:15:8b:d2:59 13.43140589569161 21.881377551020396 13.694374999999999 17.621301775147934 17.349918875067605 6.033240997229919 4.74609375 5.580246913580248
ac:22:05:8b:d2:59 16.258518117901573 9.318640955004593 12.509814049586772 24.506219578150354 14.090859924283395 2.8020452885317755 4.580246913580248 5.847645429362882
ae:22:15:16:f1:d5 3.6 0.0 4.457100591715976 7.045555555555556 6.343842950624627 3.951962809917356 0.2708333333333333 12.959999999999996
ac:22:05:16:f1:d5 0.5599999999999999 2.109375 0.0 5.25 8.9375 1.2212244897959186 0.5048010973936902 20.25
ca:54:4b:b3:d1:02 2.303871439006574 48.76149269875608 5.662706611570247 20.75 25.85 9.732954545454545 14.24609375 23.125 5.4375
b8:3a:08:72:5b:91 0.0
96:9a:4a:f3:ef:ea 0.0 0.0
2c:b2:1a:96:4f:0a 3.84
44:fe:3b:74:48:88 33.138888888888886 0.18239999999999998 0.619375 0.0 33.87654320987654
70:2e:22:8a:e3:4d 16.889999999999997 0.0 0.0
00:1d:c9:07:2d:f7 1.3406795224977042 7.155006858710562 0.5555555555555556 19.74305555555556 1.4480151228733458 2.9183673469387763 0.16
6a:02:98:4e:c0:70 0.979591836734694 0.0 0.8504801097393689 4.023781212841855 2.25
68:02:b8:4e:c0:70 0.25 7.9875 28.366782006920413 4.488888888888892 0.0 0.0
88:d2:74:aa:90:a8 0.888888888888889
b8:3a:08:5b:30:91 0.0
06:83:c8:73:5f:6f 0.0
50:7e:5d:7c:b3:32 3.4652777777777777 12.840392561983471 11.16527942925089 10.067952249770432 9.693672839506174 6.564629529475392 1.4817898022892817 16.045351473922903 3.976331360946745
70:2e:22:8a:e3:4e 1.21 0.0
2a:35:d1:2b:9a:d9 0.1875 0.0 0.0 0.24930747922437677
6c:b7:49:2c:93:11 0.0
90:9a:4a:05:f5:b6 0.0
90:9a:4a:f3:ef:ea 0.0
8a:ac:c0:be:6a:a1 0.0 0.3936 15.421487603305787 0.25 0.0
04:f0:21:49:24:5f 0.0
5c:a8:6a:0a:d1:2c 1.984375 9.574099722991692 1.4710743801652897 11.206399999999999 3.5605536332179932 5.473684210526316 0.3885041551246538 12.396734693877551 0.64
4c:1b:86:91:9b:db 0.0 0.0 0.0
54:be:53:7b:c7:f5 3.1224489795918364
c4:06:83:45:89:a5 0.0
6c:b7:49:2c:93:10 0.0
34:ce:00:52:84:2c 0.07939508506616258
12:5f:67:78:21:06 0.0 0.0 1.6177285318559556
9a:0d:67:32:0d:92 0.0
54:fa:3e:bd:f6:4a 0.0
98:0d:67:32:0d:92 0.0
ac:22:05:a3:99:b2 0.0
bc:a5:11:ad:06:62 0.0
00:5f:67:78:21:06 0.0 0.0 3.49609375
d0:60:8c:23:3d:d3 0.0 0.0 0.0 0.0 0.16
ac:22:05:a3:99:e4 0.0 0.0 0.0 0.984375
82:29:94:c4:2b:c5 0.0 0.0 0.2448979591836735
ac:22:05:5b:91:ad 0.0
10:b1:f8:a3:c1:6c 0.0
64:6d:6c:02:45:78 13.234375 0.0 7.6288088642659275 0.0
80:29:94:c4:2b:c4 0.0
8a:ac:c0:ae:6a:a1 0.0 0.2336 11.506172839506174 0.1967455621301775 0.0 0.2479338842975206 0.0
9c:6f:52:15:d2:7a 3.0 16.787158145065394 0.0 21.143367043426533 2.0180785123966944 5.854934601664684 0.0
1c:64:99:71:d6:f0 3.0612244897959178 0.0 0.0
00:5f:67:78:1e:1e 0.0 0.0
1c:3a:de:96:1a:29 0.2485207100591716 0.2040816326530612 11.846400000000001 0.24349635796045788
ae:22:15:5b:91:c5 0.0 0.0
ae:22:15:a3:99:e4 0.0 1.940828402366864
98:01:a7:e6:45:d0 0.0 0.0
32:b1:b5:2d:92:51 0.0
38:b1:db:2e:54:53 0.0 0.0 0.0
06:5f:67:78:1e:1e 0.09876543209876544 0.0 0.1875 0.0475 0.0
8a:ac:c0:9e:6a:a1 0.07939508506616258 16.557692307692307 0.20850480109739367 0.0 0.0
88:ac:c0:be:6a:a1 0.22145328719723184 7.839999999999999 0.8367346938775511 0.0 0.0 0.0
18:35:d1:2b:9a:d9 0.0 0.13888888888888892
88:d2:74:aa:90:a7 0.0 0.0
34:da:b7:df:7e:75 0.0 27.040000000000003 2.1599999999999997 0.0 0.0
7a:60:8c:23:3d:d1 0.2222222222222222 0.0 0.0 0.0
4a:5a:b6:71:57:70 1.5362663495838287 0.1728395061728395
ac:22:05:16:f1:c7 0.6581632653061226 1.1751543209876543
f0:9f:c2:fd:23:9d 0.0
32:b5:c2:b8:63:ad 0.0
48:d3:43:1b:79:d9 0.1875
8a:ac:c0:9e:6a:a2 0.0
88:ac:c0:be:6a:a2 0.0
6a:02:98:06:63:fe 0.0
5a:d3:43:a7:de:79 0.0
70:77:81:84:0a:19 0.0 0.0 0.0
c8:00:84:84:d5:32 5.455621301775148 2.0 0.0
c8:00:84:84:d5:35 1.0763888888888886 0.9977324263038547
c8:00:84:84:d5:31 0.24305555555555558 0.9722222222222223
c8:00:84:84:d5:34 0.0 2.530612244897959
c8:00:84:84:d5:30 3.0208333333333335 0.888888888888889
88:dc:96:0f:b4:c2 0.0 2.316928069226609
c8:d1:2a:3e:e0:94 0.0 4.344674556213018
c8:d1:2a:29:2b:94 3.506172839506173
12:5f:67:78:21:07 1.5455246913580252
66:eb:8c:69:6f:f6 10.622448979591837
00:02:6f:d8:84:d0 3.5296000000000003
12:5f:67:74:e6:8a 0.0
00:1d:60:e3:8c:48 2.6820987654320994
1a:e8:29:ed:7e:67 9.84
c8:d1:2a:29:2b:90 3.089506172839507
4c:1b:86:56:7a:6f 9.694667640613584
c0:25:06:92:71:5f 7.1275
18:35:d1:13:d4:b7 0.0
cc:d4:2e:15:df:f4 1.1198224852071006
6a:d3:43:cf:88:51 3.955555555555555
5a:d3:43:cf:88:51 3.5
48:d3:43:cf:88:51 3.7633136094674553
18:d6:c7:52:d6:ea 1.8698224852071008
18:e8:29:ed:7e:67 0.2222222222222223
7c:8b:ca:b7:bc:c8 8.292011019283747
2a:35:d1:13:d4:b1 3.003460207612456
f0:29:29:0e:5e:20 0.5325443786982247
f0:29:29:0e:5e:21 0.40236686390532533
00:5f:67:74:e6:8a 0.0
c8:d1:2a:3e:e0:98 2.1681632653061222
00:5f:67:78:21:07 0.4897959183673469
ce:d4:2e:25:df:f4 0.21606648199445985
74:da:88:ed:0a:c1 0.0
c8:00:84:84:d5:3a 1.8890532544378695
c8:00:84:84:d5:3e 1.0582639714625446
c8:00:84:84:d5:3d 2.4328824141519245
c8:00:84:84:d5:3b 1.2128418549346014
c8:00:84:84:d5:3f 0.9184000000000002
6a:fe:3b:7d:df:e0 0.0
70:9f:2d:9a:2d:3c 3.7190082644628095
92:00:4e:7c:ea:69 0.9977324263038547
90:00:4e:7c:ea:68 2.87603305785124
18:35:d1:13:d4:b1 0.2469135802469136
24:f5:a2:6d:8e:bf 0.0
24:f5:a2:6d:8e:be 0.0
54:67:51:e0:81:c7 0.13888888888888887
c8:54:4b:93:d1:02 67.93023255813954 58.90909090909091 57.29545454545455 66.46511627906976 49.56818181818182 48.95454545454545 55.5 73.13953488372093 84.44
ca:54:4b:b2:43:62 78.04651162790698 69.8409090909091 69.86363636363636 82.02325581395348 62.31818181818182 59.06818181818182 71.70454545454545 81.74418604651163
c8:54:4b:92:43:62 78.4186046511628 69.81818181818181 69.86363636363636 81.30232558139535 62.38636363636363 58.84090909090909 71.47727272727273 81.3953488372093
ac:22:05:8b:d2:13 65.30232558139535 65.72727272727273 64.93181818181819 76.82051282051282 71.06451612903226 72.45161290322581 71.66666666666667 81.66666666666667
88:ac:c0:59:92:f1 85.0 80.52380952380952 80.7 86.65853658536585 81.375 80.0 80.0
44:fe:3b:74:48:87 76.95238095238095 70.5813953488372 65.48484848484848 74.76744186046511 72.15625 77.8529411764706 79.6969696969697 80.26923076923077
9c:6f:52:15:d2:79 77.46341463414635 72.97727272727273 74.61363636363636 81.3103448275862 69.13636363636364 67.02272727272727 73.5909090909091 87.10526315789474
98:0d:67:3e:39:61 81.63636363636364 77.68181818181819 77.13636363636364 84.6 67.11363636363636 70.20454545454545 77.05263157894737 85.1304347826087
c8:54:4b:92:43:61 71.48837209302326 63.86363636363637 59.97727272727273 72.20930232558139 58.86363636363637 51.47727272727273 63.86363636363637 77.96875 87.0
c8:54:4b:93:d1:01 60.627906976744185 53.43181818181818 58.36363636363637 68.88372093023256 49.86363636363637 49.22727272727273 56.54545454545455 73.90697674418605 82.94594594594595
ae:22:15:8b:d2:59 73.73809523809524 71.89285714285714 67.425 72.61538461538461 75.62790697674419 75.42105263157895 79.4375 82.22222222222223
ac:22:05:8b:d2:59 73.79069767441861 69.87878787878788 68.38636363636364 74.34883720930233 74.95348837209302 76.1891891891892 77.55555555555556 81.6842105263158
ae:22:15:16:f1:d5 85.4 80.0 79.65384615384616 83.43333333333334 75.4390243902439 74.1590909090909 80.75 82.8
ac:22:05:16:f1:d5 83.8 77.875 78.0 88.5 75.75 73.08571428571429 80.70370370370371 88.5
ca:54:4b:b3:d1:02 68.48648648648648 59.48837209302326 57.79545454545455 70.0 50.5 49.75 56.0625 70.5 86.75
b8:3a:08:72:5b:91 79.0
96:9a:4a:f3:ef:ea 78.0 81.0
2c:b2:1a:96:4f:0a 83.4
44:fe:3b:74:48:88 84.16666666666667 75.76 76.075 77.0 79.11111111111111
70:2e:22:8a:e3:4d 86.1 80.0 80.0
00:1d:c9:07:2d:f7 83.48484848484848 80.25925925925925 80.66666666666667 87.91666666666667 81.82608695652173 79.71428571428571 80.8
6a:02:98:4e:c0:70 79.85714285714286 80.0 80.03703703703704 82.10344827586206 81.5
68:02:b8:4e:c0:70 80.5 80.75 78.52941176470588 88.33333333333333 83.0 79.0
88:d2:74:aa:90:a8 85.66666666666667
b8:3a:08:5b:30:91 77.0
06:83:c8:73:5f:6f 82.0
50:7e:5d:7c:b3:32 81.25 73.97727272727273 71.72413793103448 77.51515151515152 64.97222222222223 66.3953488372093 75.74193548387096 86.95238095238095 86.84615384615384
70:2e:22:8a:e3:4e 86.3 87.0
2a:35:d1:2b:9a:d9 83.25 81.0 80.0 80.47368421052632
6c:b7:49:2c:93:11 84.0
90:9a:4a:05:f5:b6 82.0
90:9a:4a:f3:ef:ea 85.0
8a:ac:c0:be:6a:a1 83.0 80.92 83.81818181818181 81.5 81.0
04:f0:21:49:24:5f 71.0
5c:a8:6a:0a:d1:2c 85.625 77.71052631578948 79.72727272727273 82.44 80.70588235294117 80.0 81.07894736842105 84.94285714285714 91.6
4c:1b:86:91:9b:db 85.0 82.0 81.0
54:be:53:7b:c7:f5 84.85714285714286
c4:06:83:45:89:a5 85.0
6c:b7:49:2c:93:10 85.0
34:ce:00:52:84:2c 85.08695652173913
12:5f:67:78:21:06 86.0 80.0 86.47368421052632
9a:0d:67:32:0d:92 90.0
54:fa:3e:bd:f6:4a 82.0
98:0d:67:32:0d:92 90.0
ac:22:05:a3:99:b2 85.0
bc:a5:11:ad:06:62 88.0
00:5f:67:78:21:06 87.0 81.0 84.4375
d0:60:8c:23:3d:d3 91.0 90.0 80.0 82.0 80.8
ac:22:05:a3:99:e4 88.0 80.0 81.0 80.125
82:29:94:c4:2b:c5 90.0 81.0 91.42857142857143
ac:22:05:5b:91:ad 85.0
10:b1:f8:a3:c1:6c 85.0
64:6d:6c:02:45:78 81.375 81.0 88.05263157894737 80.0
80:29:94:c4:2b:c4 87.0
8a:ac:c0:ae:6a:a1 87.0 81.08 84.22222222222223 80.26923076923077 81.0 81.45454545454545 89.0
9c:6f:52:15:d2:7a 74.0 79.37931034482759 83.0 76.6829268292683 72.43181818181819 85.72413793103448 87.0
1c:64:99:71:d6:f0 81.71428571428571 81.0 79.0
00:5f:67:78:1e:1e 87.0 77.0
1c:3a:de:96:1a:29 74.46153846153847 75.28571428571429 75.44 74.41935483870968
ae:22:15:5b:91:c5 81.0 82.0
ae:22:15:a3:99:e4 80.0 79.46153846153847
98:01:a7:e6:45:d0 81.0 81.0
32:b1:b5:2d:92:51 81.0
38:b1:db:2e:54:53 81.0 84.0 81.0
06:5f:67:78:1e:1e 79.88888888888889 80.0 89.25 79.05 81.0
8a:ac:c0:9e:6a:a1 81.08695652173913 87.5 80.29629629629629 81.0 81.0
88:ac:c0:be:6a:a1 81.11764705882354 86.6 79.14285714285714 81.0 82.0 91.0
18:35:d1:2b:9a:d9 82.0 81.16666666666667
88:d2:74:aa:90:a7 81.0 80.0
34:da:b7:df:7e:75 80.0 90.4 78.8 81.0 80.0
7a:60:8c:23:3d:d1 91.33333333333333 81.0 81.0 81.0
4a:5a:b6:71:57:70 80.34482758620689 80.22222222222223
ac:22:05:16:f1:c7 71.35714285714286 71.63888888888889
f0:9f:c2:fd:23:9d 82.0
32:b5:c2:b8:63:ad 80.0
48:d3:43:1b:79:d9 80.75
8a:ac:c0:9e:6a:a2 77.0
88:ac:c0:be:6a:a2 77.0
6a:02:98:06:63:fe 82.0
5a:d3:43:a7:de:79 81.0
70:77:81:84:0a:19 83.0 81.0 81.0
c8:00:84:84:d5:32 88.92307692307692 89.0 89.0
c8:00:84:84:d5:35 89.91666666666667 90.95238095238095
c8:00:84:84:d5:31 89.41666666666667 91.16666666666667
c8:00:84:84:d5:34 89.0 88.42857142857143
c8:00:84:84:d5:30 88.25 91.33333333333333
88:dc:96:0f:b4:c2 91.0 85.90697674418605
c8:d1:2a:3e:e0:94 91.0 83.96153846153847
c8:d1:2a:29:2b:94 83.77777777777777
12:5f:67:78:21:07 84.30555555555556
66:eb:8c:69:6f:f6 86.85714285714286
00:02:6f:d8:84:d0 82.48
12:5f:67:74:e6:8a 88.0
00:1d:60:e3:8c:48 90.61111111111111
1a:e8:29:ed:7e:67 87.6
c8:d1:2a:29:2b:90 82.72222222222223
4c:1b:86:56:7a:6f 83.37837837837837
c0:25:06:92:71:5f 88.85
18:35:d1:13:d4:b7 88.0
cc:d4:2e:15:df:f4 85.73076923076923
6a:d3:43:cf:88:51 87.33333333333333
5a:d3:43:cf:88:51 86.0
48:d3:43:cf:88:51 85.92307692307692
18:d6:c7:52:d6:ea 89.23076923076923
18:e8:29:ed:7e:67 86.33333333333333
7c:8b:ca:b7:bc:c8 87.63636363636364
2a:35:d1:13:d4:b1 89.23529411764706
f0:29:29:0e:5e:20 89.07692307692308
f0:29:29:0e:5e:21 89.53846153846153
00:5f:67:74:e6:8a 90.0
c8:d1:2a:3e:e0:98 81.94285714285714
00:5f:67:78:21:07 84.28571428571429
ce:d4:2e:25:df:f4 86.6842105263158
74:da:88:ed:0a:c1 89.0
c8:00:84:84:d5:3a 83.26923076923077
c8:00:84:84:d5:3e 83.10344827586206
c8:00:84:84:d5:3d 83.2258064516129
c8:00:84:84:d5:3b 82.55172413793103
c8:00:84:84:d5:3f 83.04
6a:fe:3b:7d:df:e0 90.0
70:9f:2d:9a:2d:3c 89.9090909090909
92:00:4e:7c:ea:69 89.04761904761905
90:00:4e:7c:ea:68 89.18181818181819
18:35:d1:13:d4:b1 89.44444444444444
24:f5:a2:6d:8e:bf 89.0
24:f5:a2:6d:8e:be 91.0
54:67:51:e0:81:c7 91.16666666666667
c8:54:4b:93:d1:02 67.93023255813954 58.90909090909091 57.29545454545455 66.46511627906976 49.56818181818182 48.95454545454545 55.5 73.13953488372093 84.44
ca:54:4b:b2:43:62 78.04651162790698 69.8409090909091 69.86363636363636 82.02325581395348 62.31818181818182 59.06818181818182 71.70454545454545 81.74418604651163
c8:54:4b:92:43:62 78.4186046511628 69.81818181818181 69.86363636363636 81.30232558139535 62.38636363636363 58.84090909090909 71.47727272727273 81.3953488372093
ac:22:05:8b:d2:13 65.30232558139535 65.72727272727273 64.93181818181819 76.82051282051282 71.06451612903226 72.45161290322581 71.66666666666667 81.66666666666667
88:ac:c0:59:92:f1 85.0 80.52380952380952 80.7 86.65853658536585 81.375 80.0 80.0
44:fe:3b:74:48:87 76.95238095238095 70.5813953488372 65.48484848484848 74.76744186046511 72.15625 77.8529411764706 79.6969696969697 80.26923076923077
9c:6f:52:15:d2:79 77.46341463414635 72.97727272727273 74.61363636363636 81.3103448275862 69.13636363636364 67.02272727272727 73.5909090909091 87.10526315789474
98:0d:67:3e:39:61 81.63636363636364 77.68181818181819 77.13636363636364 84.6 67.11363636363636 70.20454545454545 77.05263157894737 85.1304347826087
c8:54:4b:92:43:61 71.48837209302326 63.86363636363637 59.97727272727273 72.20930232558139 58.86363636363637 51.47727272727273 63.86363636363637 77.96875 87.0
c8:54:4b:93:d1:01 60.627906976744185 53.43181818181818 58.36363636363637 68.88372093023256 49.86363636363637 49.22727272727273 56.54545454545455 73.90697674418605 82.94594594594595
ae:22:15:8b:d2:59 73.73809523809524 71.89285714285714 67.425 72.61538461538461 75.62790697674419 75.42105263157895 79.4375 82.22222222222223
ac:22:05:8b:d2:59 73.79069767441861 69.87878787878788 68.38636363636364 74.34883720930233 74.95348837209302 76.1891891891892 77.55555555555556 81.6842105263158
ae:22:15:16:f1:d5 85.4 80.0 79.65384615384616 83.43333333333334 75.4390243902439 74.1590909090909 80.75 82.8
ac:22:05:16:f1:d5 83.8 77.875 78.0 88.5 75.75 73.08571428571429 80.70370370370371 88.5
ca:54:4b:b3:d1:02 68.48648648648648 59.48837209302326 57.79545454545455 70.0 50.5 49.75 56.0625 70.5 86.75
b8:3a:08:72:5b:91 79.0
96:9a:4a:f3:ef:ea 78.0 81.0
2c:b2:1a:96:4f:0a 83.4
44:fe:3b:74:48:88 84.16666666666667 75.76 76.075 77.0 79.11111111111111
70:2e:22:8a:e3:4d 86.1 80.0 80.0
00:1d:c9:07:2d:f7 83.48484848484848 80.25925925925925 80.66666666666667 87.91666666666667 81.82608695652173 79.71428571428571 80.8
6a:02:98:4e:c0:70 79.85714285714286 80.0 80.03703703703704 82.10344827586206 81.5
68:02:b8:4e:c0:70 80.5 80.75 78.52941176470588 88.33333333333333 83.0 79.0
88:d2:74:aa:90:a8 85.66666666666667
b8:3a:08:5b:30:91 77.0
06:83:c8:73:5f:6f 82.0
50:7e:5d:7c:b3:32 81.25 73.97727272727273 71.72413793103448 77.51515151515152 64.97222222222223 66.3953488372093 75.74193548387096 86.95238095238095 86.84615384615384
70:2e:22:8a:e3:4e 86.3 87.0
2a:35:d1:2b:9a:d9 83.25 81.0 80.0 80.47368421052632
6c:b7:49:2c:93:11 84.0
90:9a:4a:05:f5:b6 82.0
90:9a:4a:f3:ef:ea 85.0
8a:ac:c0:be:6a:a1 83.0 80.92 83.81818181818181 81.5 81.0
04:f0:21:49:24:5f 71.0
5c:a8:6a:0a:d1:2c 85.625 77.71052631578948 79.72727272727273 82.44 80.70588235294117 80.0 81.07894736842105 84.94285714285714 91.6
4c:1b:86:91:9b:db 85.0 82.0 81.0
54:be:53:7b:c7:f5 84.85714285714286
c4:06:83:45:89:a5 85.0
6c:b7:49:2c:93:10 85.0
34:ce:00:52:84:2c 85.08695652173913
12:5f:67:78:21:06 86.0 80.0 86.47368421052632
9a:0d:67:32:0d:92 90.0
54:fa:3e:bd:f6:4a 82.0
98:0d:67:32:0d:92 90.0
ac:22:05:a3:99:b2 85.0
bc:a5:11:ad:06:62 88.0
00:5f:67:78:21:06 87.0 81.0 84.4375
d0:60:8c:23:3d:d3 91.0 90.0 80.0 82.0 80.8
ac:22:05:a3:99:e4 88.0 80.0 81.0 80.125
82:29:94:c4:2b:c5 90.0 81.0 91.42857142857143
ac:22:05:5b:91:ad 85.0
10:b1:f8:a3:c1:6c 85.0
64:6d:6c:02:45:78 81.375 81.0 88.05263157894737 80.0
80:29:94:c4:2b:c4 87.0
8a:ac:c0:ae:6a:a1 87.0 81.08 84.22222222222223 80.26923076923077 81.0 81.45454545454545 89.0
9c:6f:52:15:d2:7a 74.0 79.37931034482759 83.0 76.6829268292683 72.43181818181819 85.72413793103448 87.0
1c:64:99:71:d6:f0 81.71428571428571 81.0 79.0
00:5f:67:78:1e:1e 87.0 77.0
1c:3a:de:96:1a:29 74.46153846153847 75.28571428571429 75.44 74.41935483870968
ae:22:15:5b:91:c5 81.0 82.0
ae:22:15:a3:99:e4 80.0 79.46153846153847
98:01:a7:e6:45:d0 81.0 81.0
32:b1:b5:2d:92:51 81.0
38:b1:db:2e:54:53 81.0 84.0 81.0
06:5f:67:78:1e:1e 79.88888888888889 80.0 89.25 79.05 81.0
8a:ac:c0:9e:6a:a1 81.08695652173913 87.5 80.29629629629629 81.0 81.0
88:ac:c0:be:6a:a1 81.11764705882354 86.6 79.14285714285714 81.0 82.0 91.0
18:35:d1:2b:9a:d9 82.0 81.16666666666667
88:d2:74:aa:90:a7 81.0 80.0
34:da:b7:df:7e:75 80.0 90.4 78.8 81.0 80.0
7a:60:8c:23:3d:d1 91.33333333333333 81.0 81.0 81.0
4a:5a:b6:71:57:70 80.34482758620689 80.22222222222223
ac:22:05:16:f1:c7 71.35714285714286 71.63888888888889
f0:9f:c2:fd:23:9d 82.0
32:b5:c2:b8:63:ad 80.0
48:d3:43:1b:79:d9 80.75
8a:ac:c0:9e:6a:a2 77.0
88:ac:c0:be:6a:a2 77.0
6a:02:98:06:63:fe 82.0
5a:d3:43:a7:de:79 81.0
70:77:81:84:0a:19 83.0 81.0 81.0
c8:00:84:84:d5:32 88.92307692307692 89.0 89.0
c8:00:84:84:d5:35 89.91666666666667 90.95238095238095
c8:00:84:84:d5:31 89.41666666666667 91.16666666666667
c8:00:84:84:d5:34 89.0 88.42857142857143
c8:00:84:84:d5:30 88.25 91.33333333333333
88:dc:96:0f:b4:c2 91.0 85.90697674418605
c8:d1:2a:3e:e0:94 91.0 83.96153846153847
c8:d1:2a:29:2b:94 83.77777777777777
12:5f:67:78:21:07 84.30555555555556
66:eb:8c:69:6f:f6 86.85714285714286
00:02:6f:d8:84:d0 82.48
12:5f:67:74:e6:8a 88.0
00:1d:60:e3:8c:48 90.61111111111111
1a:e8:29:ed:7e:67 87.6
c8:d1:2a:29:2b:90 82.72222222222223
4c:1b:86:56:7a:6f 83.37837837837837
c0:25:06:92:71:5f 88.85
18:35:d1:13:d4:b7 88.0
cc:d4:2e:15:df:f4 85.73076923076923
6a:d3:43:cf:88:51 87.33333333333333
5a:d3:43:cf:88:51 86.0
48:d3:43:cf:88:51 85.92307692307692
18:d6:c7:52:d6:ea 89.23076923076923
18:e8:29:ed:7e:67 86.33333333333333
7c:8b:ca:b7:bc:c8 87.63636363636364
2a:35:d1:13:d4:b1 89.23529411764706
f0:29:29:0e:5e:20 89.07692307692308
f0:29:29:0e:5e:21 89.53846153846153
00:5f:67:74:e6:8a 90.0
c8:d1:2a:3e:e0:98 81.94285714285714
00:5f:67:78:21:07 84.28571428571429
ce:d4:2e:25:df:f4 86.6842105263158
74:da:88:ed:0a:c1 89.0
c8:00:84:84:d5:3a 83.26923076923077
c8:00:84:84:d5:3e 83.10344827586206
c8:00:84:84:d5:3d 83.2258064516129
c8:00:84:84:d5:3b 82.55172413793103
c8:00:84:84:d5:3f 83.04
6a:fe:3b:7d:df:e0 90.0
70:9f:2d:9a:2d:3c 89.9090909090909
92:00:4e:7c:ea:69 89.04761904761905
90:00:4e:7c:ea:68 89.18181818181819
18:35:d1:13:d4:b1 89.44444444444444
24:f5:a2:6d:8e:bf 89.0
24:f5:a2:6d:8e:be 91.0
54:67:51:e0:81:c7 91.16666666666667
c8:54:4b:93:d1:02 67.93023255813954 58.90909090909091 57.29545454545455 66.46511627906976 49.56818181818182 48.95454545454545 55.5 73.13953488372093 84.44
ca:54:4b:b2:43:62 78.04651162790698 69.8409090909091 69.86363636363636 82.02325581395348 62.31818181818182 59.06818181818182 71.70454545454545 81.74418604651163
c8:54:4b:92:43:62 78.4186046511628 69.81818181818181 69.86363636363636 81.30232558139535 62.38636363636363 58.84090909090909 71.47727272727273 81.3953488372093
ac:22:05:8b:d2:13 65.30232558139535 65.72727272727273 64.93181818181819 76.82051282051282 71.06451612903226 72.45161290322581 71.66666666666667 81.66666666666667
88:ac:c0:59:92:f1 85.0 80.52380952380952 80.7 86.65853658536585 81.375 80.0 80.0
44:fe:3b:74:48:87 76.95238095238095 70.5813953488372 65.48484848484848 74.76744186046511 72.15625 77.8529411764706 79.6969696969697 80.26923076923077
9c:6f:52:15:d2:79 77.46341463414635 72.97727272727273 74.61363636363636 81.3103448275862 69.13636363636364 67.02272727272727 73.5909090909091 87.10526315789474
98:0d:67:3e:39:61 81.63636363636364 77.68181818181819 77.13636363636364 84.6 67.11363636363636 70.20454545454545 77.05263157894737 85.1304347826087
c8:54:4b:92:43:61 71.48837209302326 63.86363636363637 59.97727272727273 72.20930232558139 58.86363636363637 51.47727272727273 63.86363636363637 77.96875 87.0
c8:54:4b:93:d1:01 60.627906976744185 53.43181818181818 58.36363636363637 68.88372093023256 49.86363636363637 49.22727272727273 56.54545454545455 73.90697674418605 82.94594594594595
ae:22:15:8b:d2:59 73.73809523809524 71.89285714285714 67.425 72.61538461538461 75.62790697674419 75.42105263157895 79.4375 82.22222222222223
ac:22:05:8b:d2:59 73.79069767441861 69.87878787878788 68.38636363636364 74.34883720930233 74.95348837209302 76.1891891891892 77.55555555555556 81.6842105263158
ae:22:15:16:f1:d5 85.4 80.0 79.65384615384616 83.43333333333334 75.4390243902439 74.1590909090909 80.75 82.8
ac:22:05:16:f1:d5 83.8 77.875 78.0 88.5 75.75 73.08571428571429 80.70370370370371 88.5
ca:54:4b:b3:d1:02 68.48648648648648 59.48837209302326 57.79545454545455 70.0 50.5 49.75 56.0625 70.5 86.75
b8:3a:08:72:5b:91 79.0
96:9a:4a:f3:ef:ea 78.0 81.0
2c:b2:1a:96:4f:0a 83.4
44:fe:3b:74:48:88 84.16666666666667 75.76 76.075 77.0 79.11111111111111
70:2e:22:8a:e3:4d 86.1 80.0 80.0
00:1d:c9:07:2d:f7 83.48484848484848 80.25925925925925 80.66666666666667 87.91666666666667 81.82608695652173 79.71428571428571 80.8
6a:02:98:4e:c0:70 79.85714285714286 80.0 80.03703703703704 82.10344827586206 81.5
68:02:b8:4e:c0:70 80.5 80.75 78.52941176470588 88.33333333333333 83.0 79.0
88:d2:74:aa:90:a8 85.66666666666667
b8:3a:08:5b:30:91 77.0
06:83:c8:73:5f:6f 82.0
50:7e:5d:7c:b3:32 81.25 73.97727272727273 71.72413793103448 77.51515151515152 64.97222222222223 66.3953488372093 75.74193548387096 86.95238095238095 86.84615384615384
70:2e:22:8a:e3:4e 86.3 87.0
2a:35:d1:2b:9a:d9 83.25 81.0 80.0 80.47368421052632
6c:b7:49:2c:93:11 84.0
90:9a:4a:05:f5:b6 82.0
90:9a:4a:f3:ef:ea 85.0
8a:ac:c0:be:6a:a1 83.0 80.92 83.81818181818181 81.5 81.0
04:f0:21:49:24:5f 71.0
5c:a8:6a:0a:d1:2c 85.625 77.71052631578948 79.72727272727273 82.44 80.70588235294117 80.0 81.07894736842105 84.94285714285714 91.6
4c:1b:86:91:9b:db 85.0 82.0 81.0
54:be:53:7b:c7:f5 84.85714285714286
c4:06:83:45:89:a5 85.0
6c:b7:49:2c:93:10 85.0
34:ce:00:52:84:2c 85.08695652173913
12:5f:67:78:21:06 86.0 80.0 86.47368421052632
9a:0d:67:32:0d:92 90.0
54:fa:3e:bd:f6:4a 82.0
98:0d:67:32:0d:92 90.0
ac:22:05:a3:99:b2 85.0
bc:a5:11:ad:06:62 88.0
00:5f:67:78:21:06 87.0 81.0 84.4375
d0:60:8c:23:3d:d3 91.0 90.0 80.0 82.0 80.8
ac:22:05:a3:99:e4 88.0 80.0 81.0 80.125
82:29:94:c4:2b:c5 90.0 81.0 91.42857142857143
ac:22:05:5b:91:ad 85.0
10:b1:f8:a3:c1:6c 85.0
64:6d:6c:02:45:78 81.375 81.0 88.05263157894737 80.0
80:29:94:c4:2b:c4 87.0
8a:ac:c0:ae:6a:a1 87.0 81.08 84.22222222222223 80.26923076923077 81.0 81.45454545454545 89.0
9c:6f:52:15:d2:7a 74.0 79.37931034482759 83.0 76.6829268292683 72.43181818181819 85.72413793103448 87.0
1c:64:99:71:d6:f0 81.71428571428571 81.0 79.0
00:5f:67:78:1e:1e 87.0 77.0
1c:3a:de:96:1a:29 74.46153846153847 75.28571428571429 75.44 74.41935483870968
ae:22:15:5b:91:c5 81.0 82.0
ae:22:15:a3:99:e4 80.0 79.46153846153847
98:01:a7:e6:45:d0 81.0 81.0
32:b1:b5:2d:92:51 81.0
38:b1:db:2e:54:53 81.0 84.0 81.0
06:5f:67:78:1e:1e 79.88888888888889 80.0 89.25 79.05 81.0
8a:ac:c0:9e:6a:a1 81.08695652173913 87.5 80.29629629629629 81.0 81.0
88:ac:c0:be:6a:a1 81.11764705882354 86.6 79.14285714285714 81.0 82.0 91.0
18:35:d1:2b:9a:d9 82.0 81.16666666666667
88:d2:74:aa:90:a7 81.0 80.0
34:da:b7:df:7e:75 80.0 90.4 78.8 81.0 80.0
7a:60:8c:23:3d:d1 91.33333333333333 81.0 81.0 81.0
4a:5a:b6:71:57:70 80.34482758620689 80.22222222222223
ac:22:05:16:f1:c7 71.35714285714286 71.63888888888889
f0:9f:c2:fd:23:9d 82.0
32:b5:c2:b8:63:ad 80.0
48:d3:43:1b:79:d9 80.75
8a:ac:c0:9e:6a:a2 77.0
88:ac:c0:be:6a:a2 77.0
6a:02:98:06:63:fe 82.0
5a:d3:43:a7:de:79 81.0
70:77:81:84:0a:19 83.0 81.0 81.0
c8:00:84:84:d5:32 88.92307692307692 89.0 89.0
c8:00:84:84:d5:35 89.91666666666667 90.95238095238095
c8:00:84:84:d5:31 89.41666666666667 91.16666666666667
c8:00:84:84:d5:34 89.0 88.42857142857143
c8:00:84:84:d5:30 88.25 91.33333333333333
88:dc:96:0f:b4:c2 91.0 85.90697674418605
c8:d1:2a:3e:e0:94 91.0 83.96153846153847
c8:d1:2a:29:2b:94 83.77777777777777
12:5f:67:78:21:07 84.30555555555556
66:eb:8c:69:6f:f6 86.85714285714286
00:02:6f:d8:84:d0 82.48
12:5f:67:74:e6:8a 88.0
00:1d:60:e3:8c:48 90.61111111111111
1a:e8:29:ed:7e:67 87.6
c8:d1:2a:29:2b:90 82.72222222222223
4c:1b:86:56:7a:6f 83.37837837837837
c0:25:06:92:71:5f 88.85
18:35:d1:13:d4:b7 88.0
cc:d4:2e:15:df:f4 85.73076923076923
6a:d3:43:cf:88:51 87.33333333333333
5a:d3:43:cf:88:51 86.0
48:d3:43:cf:88:51 85.92307692307692
18:d6:c7:52:d6:ea 89.23076923076923
18:e8:29:ed:7e:67 86.33333333333333
7c:8b:ca:b7:bc:c8 87.63636363636364
2a:35:d1:13:d4:b1 89.23529411764706
f0:29:29:0e:5e:20 89.07692307692308
f0:29:29:0e:5e:21 89.53846153846153
00:5f:67:74:e6:8a 90.0
c8:d1:2a:3e:e0:98 81.94285714285714
00:5f:67:78:21:07 84.28571428571429
ce:d4:2e:25:df:f4 86.6842105263158
74:da:88:ed:0a:c1 89.0
c8:00:84:84:d5:3a 83.26923076923077
c8:00:84:84:d5:3e 83.10344827586206
c8:00:84:84:d5:3d 83.2258064516129
c8:00:84:84:d5:3b 82.55172413793103
c8:00:84:84:d5:3f 83.04
6a:fe:3b:7d:df:e0 90.0
70:9f:2d:9a:2d:3c 89.9090909090909
92:00:4e:7c:ea:69 89.04761904761905
90:00:4e:7c:ea:68 89.18181818181819
18:35:d1:13:d4:b1 89.44444444444444
24:f5:a2:6d:8e:bf 89.0
24:f5:a2:6d:8e:be 91.0
54:67:51:e0:81:c7 91.16666666666667
c8:54:4b:93:d1:02 67.93023255813954 58.90909090909091 57.29545454545455 66.46511627906976 49.56818181818182 48.95454545454545 55.5 73.13953488372093 84.44
ca:54:4b:b2:43:62 78.04651162790698 69.8409090909091 69.86363636363636 82.02325581395348 62.31818181818182 59.06818181818182 71.70454545454545 81.74418604651163
c8:54:4b:92:43:62 78.4186046511628 69.81818181818181 69.86363636363636 81.30232558139535 62.38636363636363 58.84090909090909 71.47727272727273 81.3953488372093
ac:22:05:8b:d2:13 65.30232558139535 65.72727272727273 64.93181818181819 76.82051282051282 71.06451612903226 72.45161290322581 71.66666666666667 81.66666666666667
88:ac:c0:59:92:f1 85.0 80.52380952380952 80.7 86.65853658536585 81.375 80.0 80.0
44:fe:3b:74:48:87 76.95238095238095 70.5813953488372 65.48484848484848 74.76744186046511 72.15625 77.8529411764706 79.6969696969697 80.26923076923077
9c:6f:52:15:d2:79 77.46341463414635 72.97727272727273 74.61363636363636 81.3103448275862 69.13636363636364 67.02272727272727 73.5909090909091 87.10526315789474
98:0d:67:3e:39:61 81.63636363636364 77.68181818181819 77.13636363636364 84.6 67.11363636363636 70.20454545454545 77.05263157894737 85.1304347826087
c8:54:4b:92:43:61 71.48837209302326 63.86363636363637 59.97727272727273 72.20930232558139 58.86363636363637 51.47727272727273 63.86363636363637 77.96875 87.0
c8:54:4b:93:d1:01 60.627906976744185 53.43181818181818 58.36363636363637 68.88372093023256 49.86363636363637 49.22727272727273 56.54545454545455 73.90697674418605 82.94594594594595
ae:22:15:8b:d2:59 73.73809523809524 71.89285714285714 67.425 72.61538461538461 75.62790697674419 75.42105263157895 79.4375 82.22222222222223
ac:22:05:8b:d2:59 73.79069767441861 69.87878787878788 68.38636363636364 74.34883720930233 74.95348837209302 76.1891891891892 77.55555555555556 81.6842105263158
ae:22:15:16:f1:d5 85.4 80.0 79.65384615384616 83.43333333333334 75.4390243902439 74.1590909090909 80.75 82.8
ac:22:05:16:f1:d5 83.8 77.875 78.0 88.5 75.75 73.08571428571429 80.70370370370371 88.5
ca:54:4b:b3:d1:02 68.48648648648648 59.48837209302326 57.79545454545455 70.0 50.5 49.75 56.0625 70.5 86.75
b8:3a:08:72:5b:91 79.0
96:9a:4a:f3:ef:ea 78.0 81.0
2c:b2:1a:96:4f:0a 83.4
44:fe:3b:74:48:88 84.16666666666667 75.76 76.075 77.0 79.11111111111111
70:2e:22:8a:e3:4d 86.1 80.0 80.0
00:1d:c9:07:2d:f7 83.48484848484848 80.25925925925925 80.66666666666667 87.91666666666667 81.82608695652173 79.71428571428571 80.8
6a:02:98:4e:c0:70 79.85714285714286 80.0 80.03703703703704 82.10344827586206 81.5
68:02:b8:4e:c0:70 80.5 80.75 78.52941176470588 88.33333333333333 83.0 79.0
88:d2:74:aa:90:a8 85.66666666666667
b8:3a:08:5b:30:91 77.0
06:83:c8:73:5f:6f 82.0
50:7e:5d:7c:b3:32 81.25 73.97727272727273 71.72413793103448 77.51515151515152 64.97222222222223 66.3953488372093 75.74193548387096 86.95238095238095 86.84615384615384
70:2e:22:8a:e3:4e 86.3 87.0
2a:35:d1:2b:9a:d9 83.25 81.0 80.0 80.47368421052632
6c:b7:49:2c:93:11 84.0
90:9a:4a:05:f5:b6 82.0
90:9a:4a:f3:ef:ea 85.0
8a:ac:c0:be:6a:a1 83.0 80.92 83.81818181818181 81.5 81.0
04:f0:21:49:24:5f 71.0
5c:a8:6a:0a:d1:2c 85.625 77.71052631578948 79.72727272727273 82.44 80.70588235294117 80.0 81.07894736842105 84.94285714285714 91.6
4c:1b:86:91:9b:db 85.0 82.0 81.0
54:be:53:7b:c7:f5 84.85714285714286
c4:06:83:45:89:a5 85.0
6c:b7:49:2c:93:10 85.0
34:ce:00:52:84:2c 85.08695652173913
12:5f:67:78:21:06 86.0 80.0 86.47368421052632
9a:0d:67:32:0d:92 90.0
54:fa:3e:bd:f6:4a 82.0
98:0d:67:32:0d:92 90.0
ac:22:05:a3:99:b2 85.0
bc:a5:11:ad:06:62 88.0
00:5f:67:78:21:06 87.0 81.0 84.4375
d0:60:8c:23:3d:d3 91.0 90.0 80.0 82.0 80.8
ac:22:05:a3:99:e4 88.0 80.0 81.0 80.125
82:29:94:c4:2b:c5 90.0 81.0 91.42857142857143
ac:22:05:5b:91:ad 85.0
10:b1:f8:a3:c1:6c 85.0
64:6d:6c:02:45:78 81.375 81.0 88.05263157894737 80.0
80:29:94:c4:2b:c4 87.0
8a:ac:c0:ae:6a:a1 87.0 81.08 84.22222222222223 80.26923076923077 81.0 81.45454545454545 89.0
9c:6f:52:15:d2:7a 74.0 79.37931034482759 83.0 76.6829268292683 72.43181818181819 85.72413793103448 87.0
1c:64:99:71:d6:f0 81.71428571428571 81.0 79.0
00:5f:67:78:1e:1e 87.0 77.0
1c:3a:de:96:1a:29 74.46153846153847 75.28571428571429 75.44 74.41935483870968
ae:22:15:5b:91:c5 81.0 82.0
ae:22:15:a3:99:e4 80.0 79.46153846153847
98:01:a7:e6:45:d0 81.0 81.0
32:b1:b5:2d:92:51 81.0
38:b1:db:2e:54:53 81.0 84.0 81.0
06:5f:67:78:1e:1e 79.88888888888889 80.0 89.25 79.05 81.0
8a:ac:c0:9e:6a:a1 81.08695652173913 87.5 80.29629629629629 81.0 81.0
88:ac:c0:be:6a:a1 81.11764705882354 86.6 79.14285714285714 81.0 82.0 91.0
18:35:d1:2b:9a:d9 82.0 81.16666666666667
88:d2:74:aa:90:a7 81.0 80.0
34:da:b7:df:7e:75 80.0 90.4 78.8 81.0 80.0
7a:60:8c:23:3d:d1 91.33333333333333 81.0 81.0 81.0
4a:5a:b6:71:57:70 80.34482758620689 80.22222222222223
ac:22:05:16:f1:c7 71.35714285714286 71.63888888888889
f0:9f:c2:fd:23:9d 82.0
32:b5:c2:b8:63:ad 80.0
48:d3:43:1b:79:d9 80.75
8a:ac:c0:9e:6a:a2 77.0
88:ac:c0:be:6a:a2 77.0
6a:02:98:06:63:fe 82.0
5a:d3:43:a7:de:79 81.0
70:77:81:84:0a:19 83.0 81.0 81.0
c8:00:84:84:d5:32 88.92307692307692 89.0 89.0
c8:00:84:84:d5:35 89.91666666666667 90.95238095238095
c8:00:84:84:d5:31 89.41666666666667 91.16666666666667
c8:00:84:84:d5:34 89.0 88.42857142857143
c8:00:84:84:d5:30 88.25 91.33333333333333
88:dc:96:0f:b4:c2 91.0 85.90697674418605
c8:d1:2a:3e:e0:94 91.0 83.96153846153847
c8:d1:2a:29:2b:94 83.77777777777777
12:5f:67:78:21:07 84.30555555555556
66:eb:8c:69:6f:f6 86.85714285714286
00:02:6f:d8:84:d0 82.48
12:5f:67:74:e6:8a 88.0
00:1d:60:e3:8c:48 90.61111111111111
1a:e8:29:ed:7e:67 87.6
c8:d1:2a:29:2b:90 82.72222222222223
4c:1b:86:56:7a:6f 83.37837837837837
c0:25:06:92:71:5f 88.85
18:35:d1:13:d4:b7 88.0
cc:d4:2e:15:df:f4 85.73076923076923
6a:d3:43:cf:88:51 87.33333333333333
5a:d3:43:cf:88:51 86.0
48:d3:43:cf:88:51 85.92307692307692
18:d6:c7:52:d6:ea 89.23076923076923
18:e8:29:ed:7e:67 86.33333333333333
7c:8b:ca:b7:bc:c8 87.63636363636364
2a:35:d1:13:d4:b1 89.23529411764706
f0:29:29:0e:5e:20 89.07692307692308
f0:29:29:0e:5e:21 89.53846153846153
00:5f:67:74:e6:8a 90.0
c8:d1:2a:3e:e0:98 81.94285714285714
00:5f:67:78:21:07 84.28571428571429
ce:d4:2e:25:df:f4 86.6842105263158
74:da:88:ed:0a:c1 89.0
c8:00:84:84:d5:3a 83.26923076923077
c8:00:84:84:d5:3e 83.10344827586206
c8:00:84:84:d5:3d 83.2258064516129
c8:00:84:84:d5:3b 82.55172413793103
c8:00:84:84:d5:3f 83.04
6a:fe:3b:7d:df:e0 90.0
70:9f:2d:9a:2d:3c 89.9090909090909
92:00:4e:7c:ea:69 89.04761904761905
90:00:4e:7c:ea:68 89.18181818181819
18:35:d1:13:d4:b1 89.44444444444444
24:f5:a2:6d:8e:bf 89.0
24:f5:a2:6d:8e:be 91.0
54:67:51:e0:81:c7 91.16666666666667
c8:54:4b:93:d1:02 67.93023255813954 58.90909090909091 57.29545454545455 66.46511627906976 49.56818181818182 48.95454545454545 55.5 73.13953488372093 84.44
ca:54:4b:b2:43:62 78.04651162790698 69.8409090909091 69.86363636363636 82.02325581395348 62.31818181818182 59.06818181818182 71.70454545454545 81.74418604651163
c8:54:4b:92:43:62 78.4186046511628 69.81818181818181 69.86363636363636 81.30232558139535 62.38636363636363 58.84090909090909 71.47727272727273 81.3953488372093
ac:22:05:8b:d2:13 65.30232558139535 65.72727272727273 64.93181818181819 76.82051282051282 71.06451612903226 72.45161290322581 71.66666666666667 81.66666666666667
88:ac:c0:59:92:f1 85.0 80.52380952380952 80.7 86.65853658536585 81.375 80.0 80.0
44:fe:3b:74:48:87 76.95238095238095 70.5813953488372 65.48484848484848 74.76744186046511 72.15625 77.8529411764706 79.6969696969697 80.26923076923077
9c:6f:52:15:d2:79 77.46341463414635 72.97727272727273 74.61363636363636 81.3103448275862 69.13636363636364 67.02272727272727 73.5909090909091 87.10526315789474
98:0d:67:3e:39:61 81.63636363636364 77.68181818181819 77.13636363636364 84.6 67.11363636363636 70.20454545454545 77.05263157894737 85.1304347826087
c8:54:4b:92:43:61 71.48837209302326 63.86363636363637 59.97727272727273 72.20930232558139 58.86363636363637 51.47727272727273 63.86363636363637 77.96875 87.0
c8:54:4b:93:d1:01 60.627906976744185 53.43181818181818 58.36363636363637 68.88372093023256 49.86363636363637 49.22727272727273 56.54545454545455 73.90697674418605 82.94594594594595
ae:22:15:8b:d2:59 73.73809523809524 71.89285714285714 67.425 72.61538461538461 75.62790697674419 75.42105263157895 79.4375 82.22222222222223
ac:22:05:8b:d2:59 73.79069767441861 69.87878787878788 68.38636363636364 74.34883720930233 74.95348837209302 76.1891891891892 77.55555555555556 81.6842105263158
ae:22:15:16:f1:d5 85.4 80.0 79.65384615384616 83.43333333333334 75.4390243902439 74.1590909090909 80.75 82.8
ac:22:05:16:f1:d5 83.8 77.875 78.0 88.5 75.75 73.08571428571429 80.70370370370371 88.5
ca:54:4b:b3:d1:02 68.48648648648648 59.48837209302326 57.79545454545455 70.0 50.5 49.75 56.0625 70.5 86.75
b8:3a:08:72:5b:91 79.0
96:9a:4a:f3:ef:ea 78.0 81.0
2c:b2:1a:96:4f:0a 83.4
44:fe:3b:74:48:88 84.16666666666667 75.76 76.075 77.0 79.11111111111111
70:2e:22:8a:e3:4d 86.1 80.0 80.0
00:1d:c9:07:2d:f7 83.48484848484848 80.25925925925925 80.66666666666667 87.91666666666667 81.82608695652173 79.71428571428571 80.8
6a:02:98:4e:c0:70 79.85714285714286 80.0 80.03703703703704 82.10344827586206 81.5
68:02:b8:4e:c0:70 80.5 80.75 78.52941176470588 88.33333333333333 83.0 79.0
88:d2:74:aa:90:a8 85.66666666666667
b8:3a:08:5b:30:91 77.0
06:83:c8:73:5f:6f 82.0
50:7e:5d:7c:b3:32 81.25 73.97727272727273 71.72413793103448 77.51515151515152 64.97222222222223 66.3953488372093 75.74193548387096 86.95238095238095 86.84615384615384
70:2e:22:8a:e3:4e 86.3 87.0
2a:35:d1:2b:9a:d9 83.25 81.0 80.0 80.47368421052632
6c:b7:49:2c:93:11 84.0
90:9a:4a:05:f5:b6 82.0
90:9a:4a:f3:ef:ea 85.0
8a:ac:c0:be:6a:a1 83.0 80.92 83.81818181818181 81.5 81.0
04:f0:21:49:24:5f 71.0
5c:a8:6a:0a:d1:2c 85.625 77.71052631578948 79.72727272727273 82.44 80.70588235294117 80.0 81.07894736842105 84.94285714285714 91.6
4c:1b:86:91:9b:db 85.0 82.0 81.0
54:be:53:7b:c7:f5 84.85714285714286
c4:06:83:45:89:a5 85.0
6c:b7:49:2c:93:10 85.0
34:ce:00:52:84:2c 85.08695652173913
12:5f:67:78:21:06 86.0 80.0 86.47368421052632
9a:0d:67:32:0d:92 90.0
54:fa:3e:bd:f6:4a 82.0
98:0d:67:32:0d:92 90.0
ac:22:05:a3:99:b2 85.0
bc:a5:11:ad:06:62 88.0
00:5f:67:78:21:06 87.0 81.0 84.4375
d0:60:8c:23:3d:d3 91.0 90.0 80.0 82.0 80.8
ac:22:05:a3:99:e4 88.0 80.0 81.0 80.125
82:29:94:c4:2b:c5 90.0 81.0 91.42857142857143
ac:22:05:5b:91:ad 85.0
10:b1:f8:a3:c1:6c 85.0
64:6d:6c:02:45:78 81.375 81.0 88.05263157894737 80.0
80:29:94:c4:2b:c4 87.0
8a:ac:c0:ae:6a:a1 87.0 81.08 84.22222222222223 80.26923076923077 81.0 81.45454545454545 89.0
9c:6f:52:15:d2:7a 74.0 79.37931034482759 83.0 76.6829268292683 72.43181818181819 85.72413793103448 87.0
1c:64:99:71:d6:f0 81.71428571428571 81.0 79.0
00:5f:67:78:1e:1e 87.0 77.0
1c:3a:de:96:1a:29 74.46153846153847 75.28571428571429 75.44 74.41935483870968
ae:22:15:5b:91:c5 81.0 82.0
ae:22:15:a3:99:e4 80.0 79.46153846153847
98:01:a7:e6:45:d0 81.0 81.0
32:b1:b5:2d:92:51 81.0
38:b1:db:2e:54:53 81.0 84.0 81.0
06:5f:67:78:1e:1e 79.88888888888889 80.0 89.25 79.05 81.0
8a:ac:c0:9e:6a:a1 81.08695652173913 87.5 80.29629629629629 81.0 81.0
88:ac:c0:be:6a:a1 81.11764705882354 86.6 79.14285714285714 81.0 82.0 91.0
18:35:d1:2b:9a:d9 82.0 81.16666666666667
88:d2:74:aa:90:a7 81.0 80.0
34:da:b7:df:7e:75 80.0 90.4 78.8 81.0 80.0
7a:60:8c:23:3d:d1 91.33333333333333 81.0 81.0 81.0
4a:5a:b6:71:57:70 80.34482758620689 80.22222222222223
ac:22:05:16:f1:c7 71.35714285714286 71.63888888888889
f0:9f:c2:fd:23:9d 82.0
32:b5:c2:b8:63:ad 80.0
48:d3:43:1b:79:d9 80.75
8a:ac:c0:9e:6a:a2 77.0
88:ac:c0:be:6a:a2 77.0
6a:02:98:06:63:fe 82.0
5a:d3:43:a7:de:79 81.0
70:77:81:84:0a:19 83.0 81.0 81.0
c8:00:84:84:d5:32 88.92307692307692 89.0 89.0
c8:00:84:84:d5:35 89.91666666666667 90.95238095238095
c8:00:84:84:d5:31 89.41666666666667 91.16666666666667
c8:00:84:84:d5:34 89.0 88.42857142857143
c8:00:84:84:d5:30 88.25 91.33333333333333
88:dc:96:0f:b4:c2 91.0 85.90697674418605
c8:d1:2a:3e:e0:94 91.0 83.96153846153847
c8:d1:2a:29:2b:94 83.77777777777777
12:5f:67:78:21:07 84.30555555555556
66:eb:8c:69:6f:f6 86.85714285714286
00:02:6f:d8:84:d0 82.48
12:5f:67:74:e6:8a 88.0
00:1d:60:e3:8c:48 90.61111111111111
1a:e8:29:ed:7e:67 87.6
c8:d1:2a:29:2b:90 82.72222222222223
4c:1b:86:56:7a:6f 83.37837837837837
c0:25:06:92:71:5f 88.85
18:35:d1:13:d4:b7 88.0
cc:d4:2e:15:df:f4 85.73076923076923
6a:d3:43:cf:88:51 87.33333333333333
5a:d3:43:cf:88:51 86.0
48:d3:43:cf:88:51 85.92307692307692
18:d6:c7:52:d6:ea 89.23076923076923
18:e8:29:ed:7e:67 86.33333333333333
7c:8b:ca:b7:bc:c8 87.63636363636364
2a:35:d1:13:d4:b1 89.23529411764706
f0:29:29:0e:5e:20 89.07692307692308
f0:29:29:0e:5e:21 89.53846153846153
00:5f:67:74:e6:8a 90.0
c8:d1:2a:3e:e0:98 81.94285714285714
00:5f:67:78:21:07 84.28571428571429
ce:d4:2e:25:df:f4 86.6842105263158
74:da:88:ed:0a:c1 89.0
c8:00:84:84:d5:3a 83.26923076923077
c8:00:84:84:d5:3e 83.10344827586206
c8:00:84:84:d5:3d 83.2258064516129
c8:00:84:84:d5:3b 82.55172413793103
c8:00:84:84:d5:3f 83.04
6a:fe:3b:7d:df:e0 90.0
70:9f:2d:9a:2d:3c 89.9090909090909
92:00:4e:7c:ea:69 89.04761904761905
90:00:4e:7c:ea:68 89.18181818181819
18:35:d1:13:d4:b1 89.44444444444444
24:f5:a2:6d:8e:bf 89.0
24:f5:a2:6d:8e:be 91.0
54:67:51:e0:81:c7 91.16666666666667
c8:54:4b:93:d1:02 67.93023255813954 58.90909090909091 57.29545454545455 66.46511627906976 49.56818181818182 48.95454545454545 55.5 73.13953488372093 84.44
ca:54:4b:b2:43:62 78.04651162790698 69.8409090909091 69.86363636363636 82.02325581395348 62.31818181818182 59.06818181818182 71.70454545454545 81.74418604651163
c8:54:4b:92:43:62 78.4186046511628 69.81818181818181 69.86363636363636 81.30232558139535 62.38636363636363 58.84090909090909 71.47727272727273 81.3953488372093
ac:22:05:8b:d2:13 65.30232558139535 65.72727272727273 64.93181818181819 76.82051282051282 71.06451612903226 72.45161290322581 71.66666666666667 81.66666666666667
88:ac:c0:59:92:f1 85.0 80.52380952380952 80.7 86.65853658536585 81.375 80.0 80.0
44:fe:3b:74:48:87 76.95238095238095 70.5813953488372 65.48484848484848 74.76744186046511 72.15625 77.8529411764706 79.6969696969697 80.26923076923077
9c:6f:52:15:d2:79 77.46341463414635 72.97727272727273 74.61363636363636 81.3103448275862 69.13636363636364 67.02272727272727 73.5909090909091 87.10526315789474
98:0d:67:3e:39:61 81.63636363636364 77.68181818181819 77.13636363636364 84.6 67.11363636363636 70.20454545454545 77.05263157894737 85.1304347826087
c8:54:4b:92:43:61 71.48837209302326 63.86363636363637 59.97727272727273 72.20930232558139 58.86363636363637 51.47727272727273 63.86363636363637 77.96875 87.0
c8:54:4b:93:d1:01 60.627906976744185 53.43181818181818 58.36363636363637 68.88372093023256 49.86363636363637 49.22727272727273 56.54545454545455 73.90697674418605 82.94594594594595
ae:22:15:8b:d2:59 73.73809523809524 71.89285714285714 67.425 72.61538461538461 75.62790697674419 75.42105263157895 79.4375 82.22222222222223
ac:22:05:8b:d2:59 73.79069767441861 69.87878787878788 68.38636363636364 74.34883720930233 74.95348837209302 76.1891891891892 77.55555555555556 81.6842105263158
ae:22:15:16:f1:d5 85.4 80.0 79.65384615384616 83.43333333333334 75.4390243902439 74.1590909090909 80.75 82.8
ac:22:05:16:f1:d5 83.8 77.875 78.0 88.5 75.75 73.08571428571429 80.70370370370371 88.5
ca:54:4b:b3:d1:02 68.48648648648648 59.48837209302326 57.79545454545455 70.0 50.5 49.75 56.0625 70.5 86.75
b8:3a:08:72:5b:91 79.0
96:9a:4a:f3:ef:ea 78.0 81.0
2c:b2:1a:96:4f:0a 83.4
44:fe:3b:74:48:88 84.16666666666667 75.76 76.075 77.0 79.11111111111111
70:2e:22:8a:e3:4d 86.1 80.0 80.0
00:1d:c9:07:2d:f7 83.48484848484848 80.25925925925925 80.66666666666667 87.91666666666667 81.82608695652173 79.71428571428571 80.8
6a:02:98:4e:c0:70 79.85714285714286 80.0 80.03703703703704 82.10344827586206 81.5
68:02:b8:4e:c0:70 80.5 80.75 78.52941176470588 88.33333333333333 83.0 79.0
88:d2:74:aa:90:a8 85.66666666666667
b8:3a:08:5b:30:91 77.0
06:83:c8:73:5f:6f 82.0
50:7e:5d:7c:b3:32 81.25 73.97727272727273 71.72413793103448 77.51515151515152 64.97222222222223 66.3953488372093 75.74193548387096 86.95238095238095 86.84615384615384
70:2e:22:8a:e3:4e 86.3 87.0
2a:35:d1:2b:9a:d9 83.25 81.0 80.0 80.47368421052632
6c:b7:49:2c:93:11 84.0
90:9a:4a:05:f5:b6 82.0
90:9a:4a:f3:ef:ea 85.0
8a:ac:c0:be:6a:a1 83.0 80.92 83.81818181818181 81.5 81.0
04:f0:21:49:24:5f 71.0
5c:a8:6a:0a:d1:2c 85.625 77.71052631578948 79.72727272727273 82.44 80.70588235294117 80.0 81.07894736842105 84.94285714285714 91.6
4c:1b:86:91:9b:db 85.0 82.0 81.0
54:be:53:7b:c7:f5 84.85714285714286
c4:06:83:45:89:a5 85.0
6c:b7:49:2c:93:10 85.0
34:ce:00:52:84:2c 85.08695652173913
12:5f:67:78:21:06 86.0 80.0 86.47368421052632
9a:0d:67:32:0d:92 90.0
54:fa:3e:bd:f6:4a 82.0
98:0d:67:32:0d:92 90.0
ac:22:05:a3:99:b2 85.0
bc:a5:11:ad:06:62 88.0
00:5f:67:78:21:06 87.0 81.0 84.4375
d0:60:8c:23:3d:d3 91.0 90.0 80.0 82.0 80.8
ac:22:05:a3:99:e4 88.0 80.0 81.0 80.125
82:29:94:c4:2b:c5 90.0 81.0 91.42857142857143
ac:22:05:5b:91:ad 85.0
10:b1:f8:a3:c1:6c 85.0
64:6d:6c:02:45:78 81.375 81.0 88.05263157894737 80.0
80:29:94:c4:2b:c4 87.0
8a:ac:c0:ae:6a:a1 87.0 81.08 84.22222222222223 80.26923076923077 81.0 81.45454545454545 89.0
9c:6f:52:15:d2:7a 74.0 79.37931034482759 83.0 76.6829268292683 72.43181818181819 85.72413793103448 87.0
1c:64:99:71:d6:f0 81.71428571428571 81.0 79.0
00:5f:67:78:1e:1e 87.0 77.0
1c:3a:de:96:1a:29 74.46153846153847 75.28571428571429 75.44 74.41935483870968
ae:22:15:5b:91:c5 81.0 82.0
ae:22:15:a3:99:e4 80.0 79.46153846153847
98:01:a7:e6:45:d0 81.0 81.0
32:b1:b5:2d:92:51 81.0
38:b1:db:2e:54:53 81.0 84.0 81.0
06:5f:67:78:1e:1e 79.88888888888889 80.0 89.25 79.05 81.0
8a:ac:c0:9e:6a:a1 81.08695652173913 87.5 80.29629629629629 81.0 81.0
88:ac:c0:be:6a:a1 81.11764705882354 86.6 79.14285714285714 81.0 82.0 91.0
18:35:d1:2b:9a:d9 82.0 81.16666666666667
88:d2:74:aa:90:a7 81.0 80.0
34:da:b7:df:7e:75 80.0 90.4 78.8 81.0 80.0
7a:60:8c:23:3d:d1 91.33333333333333 81.0 81.0 81.0
4a:5a:b6:71:57:70 80.34482758620689 80.22222222222223
ac:22:05:16:f1:c7 71.35714285714286 71.63888888888889
f0:9f:c2:fd:23:9d 82.0
32:b5:c2:b8:63:ad 80.0
48:d3:43:1b:79:d9 80.75
8a:ac:c0:9e:6a:a2 77.0
88:ac:c0:be:6a:a2 77.0
6a:02:98:06:63:fe 82.0
5a:d3:43:a7:de:79 81.0
70:77:81:84:0a:19 83.0 81.0 81.0
c8:00:84:84:d5:32 88.92307692307692 89.0 89.0
c8:00:84:84:d5:35 89.91666666666667 90.95238095238095
c8:00:84:84:d5:31 89.41666666666667 91.16666666666667
c8:00:84:84:d5:34 89.0 88.42857142857143
c8:00:84:84:d5:30 88.25 91.33333333333333
88:dc:96:0f:b4:c2 91.0 85.90697674418605
c8:d1:2a:3e:e0:94 91.0 83.96153846153847
c8:d1:2a:29:2b:94 83.77777777777777
12:5f:67:78:21:07 84.30555555555556
66:eb:8c:69:6f:f6 86.85714285714286
00:02:6f:d8:84:d0 82.48
12:5f:67:74:e6:8a 88.0
00:1d:60:e3:8c:48 90.61111111111111
1a:e8:29:ed:7e:67 87.6
c8:d1:2a:29:2b:90 82.72222222222223
4c:1b:86:56:7a:6f 83.37837837837837
c0:25:06:92:71:5f 88.85
18:35:d1:13:d4:b7 88.0
cc:d4:2e:15:df:f4 85.73076923076923
6a:d3:43:cf:88:51 87.33333333333333
5a:d3:43:cf:88:51 86.0
48:d3:43:cf:88:51 85.92307692307692
18:d6:c7:52:d6:ea 89.23076923076923
18:e8:29:ed:7e:67 86.33333333333333
7c:8b:ca:b7:bc:c8 87.63636363636364
2a:35:d1:13:d4:b1 89.23529411764706
f0:29:29:0e:5e:20 89.07692307692308
f0:29:29:0e:5e:21 89.53846153846153
00:5f:67:74:e6:8a 90.0
c8:d1:2a:3e:e0:98 81.94285714285714
00:5f:67:78:21:07 84.28571428571429
ce:d4:2e:25:df:f4 86.6842105263158
74:da:88:ed:0a:c1 89.0
c8:00:84:84:d5:3a 83.26923076923077
c8:00:84:84:d5:3e 83.10344827586206
c8:00:84:84:d5:3d 83.2258064516129
c8:00:84:84:d5:3b 82.55172413793103
c8:00:84:84:d5:3f 83.04
6a:fe:3b:7d:df:e0 90.0
70:9f:2d:9a:2d:3c 89.9090909090909
92:00:4e:7c:ea:69 89.04761904761905
90:00:4e:7c:ea:68 89.18181818181819
18:35:d1:13:d4:b1 89.44444444444444
24:f5:a2:6d:8e:bf 89.0
24:f5:a2:6d:8e:be 91.0
54:67:51:e0:81:c7 91.16666666666667
c8:54:4b:93:d1:02 67.93023255813954 58.90909090909091 57.29545454545455 66.46511627906976 49.56818181818182 48.95454545454545 55.5 73.13953488372093 84.44
ca:54:4b:b2:43:62 78.04651162790698 69.8409090909091 69.86363636363636 82.02325581395348 62.31818181818182 59.06818181818182 71.70454545454545 81.74418604651163
c8:54:4b:92:43:62 78.4186046511628 69.81818181818181 69.86363636363636 81.30232558139535 62.38636363636363 58.84090909090909 71.47727272727273 81.3953488372093
ac:22:05:8b:d2:13 65.30232558139535 65.72727272727273 64.93181818181819 76.82051282051282 71.06451612903226 72.45161290322581 71.66666666666667 81.66666666666667
88:ac:c0:59:92:f1 85.0 80.52380952380952 80.7 86.65853658536585 81.375 80.0 80.0
44:fe:3b:74:48:87 76.95238095238095 70.5813953488372 65.48484848484848 74.76744186046511 72.15625 77.8529411764706 79.6969696969697 80.26923076923077
9c:6f:52:15:d2:79 77.46341463414635 72.97727272727273 74.61363636363636 81.3103448275862 69.13636363636364 67.02272727272727 73.5909090909091 87.10526315789474
98:0d:67:3e:39:61 81.63636363636364 77.68181818181819 77.13636363636364 84.6 67.11363636363636 70.20454545454545 77.05263157894737 85.1304347826087
c8:54:4b:92:43:61 71.48837209302326 63.86363636363637 59.97727272727273 72.20930232558139 58.86363636363637 51.47727272727273 63.86363636363637 77.96875 87.0
c8:54:4b:93:d1:01 60.627906976744185 53.43181818181818 58.36363636363637 68.88372093023256 49.86363636363637 49.22727272727273 56.54545454545455 73.90697674418605 82.94594594594595
ae:22:15:8b:d2:59 73.73809523809524 71.89285714285714 67.425 72.61538461538461 75.62790697674419 75.42105263157895 79.4375 82.22222222222223
ac:22:05:8b:d2:59 73.79069767441861 69.87878787878788 68.38636363636364 74.34883720930233 74.95348837209302 76.1891891891892 77.55555555555556 81.6842105263158
ae:22:15:16:f1:d5 85.4 80.0 79.65384615384616 83.43333333333334 75.4390243902439 74.1590909090909 80.75 82.8
ac:22:05:16:f1:d5 83.8 77.875 78.0 88.5 75.75 73.08571428571429 80.70370370370371 88.5
ca:54:4b:b3:d1:02 68.48648648648648 59.48837209302326 57.79545454545455 70.0 50.5 49.75 56.0625 70.5 86.75
b8:3a:08:72:5b:91 79.0
96:9a:4a:f3:ef:ea 78.0 81.0
2c:b2:1a:96:4f:0a 83.4
44:fe:3b:74:48:88 84.16666666666667 75.76 76.075 77.0 79.11111111111111
70:2e:22:8a:e3:4d 86.1 80.0 80.0
00:1d:c9:07:2d:f7 83.48484848484848 80.25925925925925 80.66666666666667 87.91666666666667 81.82608695652173 79.71428571428571 80.8
6a:02:98:4e:c0:70 79.85714285714286 80.0 80.03703703703704 82.10344827586206 81.5
68:02:b8:4e:c0:70 80.5 80.75 78.52941176470588 88.33333333333333 83.0 79.0
88:d2:74:aa:90:a8 85.66666666666667
b8:3a:08:5b:30:91 77.0
06:83:c8:73:5f:6f 82.0
50:7e:5d:7c:b3:32 81.25 73.97727272727273 71.72413793103448 77.51515151515152 64.97222222222223 66.3953488372093 75.74193548387096 86.95238095238095 86.84615384615384
70:2e:22:8a:e3:4e 86.3 87.0
2a:35:d1:2b:9a:d9 83.25 81.0 80.0 80.47368421052632
6c:b7:49:2c:93:11 84.0
90:9a:4a:05:f5:b6 82.0
90:9a:4a:f3:ef:ea 85.0
8a:ac:c0:be:6a:a1 83.0 80.92 83.81818181818181 81.5 81.0
04:f0:21:49:24:5f 71.0
5c:a8:6a:0a:d1:2c 85.625 77.71052631578948 79.72727272727273 82.44 80.70588235294117 80.0 81.07894736842105 84.94285714285714 91.6
4c:1b:86:91:9b:db 85.0 82.0 81.0
54:be:53:7b:c7:f5 84.85714285714286
c4:06:83:45:89:a5 85.0
6c:b7:49:2c:93:10 85.0
34:ce:00:52:84:2c 85.08695652173913
12:5f:67:78:21:06 86.0 80.0 86.47368421052632
9a:0d:67:32:0d:92 90.0
54:fa:3e:bd:f6:4a 82.0
98:0d:67:32:0d:92 90.0
ac:22:05:a3:99:b2 85.0
bc:a5:11:ad:06:62 88.0
00:5f:67:78:21:06 87.0 81.0 84.4375
d0:60:8c:23:3d:d3 91.0 90.0 80.0 82.0 80.8
ac:22:05:a3:99:e4 88.0 80.0 81.0 80.125
82:29:94:c4:2b:c5 90.0 81.0 91.42857142857143
ac:22:05:5b:91:ad 85.0
10:b1:f8:a3:c1:6c 85.0
64:6d:6c:02:45:78 81.375 81.0 88.05263157894737 80.0
80:29:94:c4:2b:c4 87.0
8a:ac:c0:ae:6a:a1 87.0 81.08 84.22222222222223 80.26923076923077 81.0 81.45454545454545 89.0
9c:6f:52:15:d2:7a 74.0 79.37931034482759 83.0 76.6829268292683 72.43181818181819 85.72413793103448 87.0
1c:64:99:71:d6:f0 81.71428571428571 81.0 79.0
00:5f:67:78:1e:1e 87.0 77.0
1c:3a:de:96:1a:29 74.46153846153847 75.28571428571429 75.44 74.41935483870968
ae:22:15:5b:91:c5 81.0 82.0
ae:22:15:a3:99:e4 80.0 79.46153846153847
98:01:a7:e6:45:d0 81.0 81.0
32:b1:b5:2d:92:51 81.0
38:b1:db:2e:54:53 81.0 84.0 81.0
06:5f:67:78:1e:1e 79.88888888888889 80.0 89.25 79.05 81.0
8a:ac:c0:9e:6a:a1 81.08695652173913 87.5 80.29629629629629 81.0 81.0
88:ac:c0:be:6a:a1 81.11764705882354 86.6 79.14285714285714 81.0 82.0 91.0
18:35:d1:2b:9a:d9 82.0 81.16666666666667
88:d2:74:aa:90:a7 81.0 80.0
34:da:b7:df:7e:75 80.0 90.4 78.8 81.0 80.0
7a:60:8c:23:3d:d1 91.33333333333333 81.0 81.0 81.0
4a:5a:b6:71:57:70 80.34482758620689 80.22222222222223
ac:22:05:16:f1:c7 71.35714285714286 71.63888888888889
f0:9f:c2:fd:23:9d 82.0
32:b5:c2:b8:63:ad 80.0
48:d3:43:1b:79:d9 80.75
8a:ac:c0:9e:6a:a2 77.0
88:ac:c0:be:6a:a2 77.0
6a:02:98:06:63:fe 82.0
5a:d3:43:a7:de:79 81.0
70:77:81:84:0a:19 83.0 81.0 81.0
c8:00:84:84:d5:32 88.92307692307692 89.0 89.0
c8:00:84:84:d5:35 89.91666666666667 90.95238095238095
c8:00:84:84:d5:31 89.41666666666667 91.16666666666667
c8:00:84:84:d5:34 89.0 88.42857142857143
c8:00:84:84:d5:30 88.25 91.33333333333333
88:dc:96:0f:b4:c2 91.0 85.90697674418605
c8:d1:2a:3e:e0:94 91.0 83.96153846153847
c8:d1:2a:29:2b:94 83.77777777777777
12:5f:67:78:21:07 84.30555555555556
66:eb:8c:69:6f:f6 86.85714285714286
00:02:6f:d8:84:d0 82.48
12:5f:67:74:e6:8a 88.0
00:1d:60:e3:8c:48 90.61111111111111
1a:e8:29:ed:7e:67 87.6
c8:d1:2a:29:2b:90 82.72222222222223
4c:1b:86:56:7a:6f 83.37837837837837
c0:25:06:92:71:5f 88.85
18:35:d1:13:d4:b7 88.0
cc:d4:2e:15:df:f4 85.73076923076923
6a:d3:43:cf:88:51 87.33333333333333
5a:d3:43:cf:88:51 86.0
48:d3:43:cf:88:51 85.92307692307692
18:d6:c7:52:d6:ea 89.23076923076923
18:e8:29:ed:7e:67 86.33333333333333
7c:8b:ca:b7:bc:c8 87.63636363636364
2a:35:d1:13:d4:b1 89.23529411764706
f0:29:29:0e:5e:20 89.07692307692308
f0:29:29:0e:5e:21 89.53846153846153
00:5f:67:74:e6:8a 90.0
c8:d1:2a:3e:e0:98 81.94285714285714
00:5f:67:78:21:07 84.28571428571429
ce:d4:2e:25:df:f4 86.6842105263158
74:da:88:ed:0a:c1 89.0
c8:00:84:84:d5:3a 83.26923076923077
c8:00:84:84:d5:3e 83.10344827586206
c8:00:84:84:d5:3d 83.2258064516129
c8:00:84:84:d5:3b 82.55172413793103
c8:00:84:84:d5:3f 83.04
6a:fe:3b:7d:df:e0 90.0
70:9f:2d:9a:2d:3c 89.9090909090909
92:00:4e:7c:ea:69 89.04761904761905
90:00:4e:7c:ea:68 89.18181818181819
18:35:d1:13:d4:b1 89.44444444444444
24:f5:a2:6d:8e:bf 89.0
24:f5:a2:6d:8e:be 91.0
54:67:51:e0:81:c7 91.16666666666667
c8:54:4b:93:d1:02 67.93023255813954 58.90909090909091 57.29545454545455 66.46511627906976 49.56818181818182 48.95454545454545 55.5 73.13953488372093 84.44
ca:54:4b:b2:43:62 78.04651162790698 69.8409090909091 69.86363636363636 82.02325581395348 62.31818181818182 59.06818181818182 71.70454545454545 81.74418604651163
c8:54:4b:92:43:62 78.4186046511628 69.81818181818181 69.86363636363636 81.30232558139535 62.38636363636363 58.84090909090909 71.47727272727273 81.3953488372093
ac:22:05:8b:d2:13 65.30232558139535 65.72727272727273 64.93181818181819 76.82051282051282 71.06451612903226 72.45161290322581 71.66666666666667 81.66666666666667
88:ac:c0:59:92:f1 85.0 80.52380952380952 80.7 86.65853658536585 81.375 80.0 80.0
44:fe:3b:74:48:87 76.95238095238095 70.5813953488372 65.48484848484848 74.76744186046511 72.15625 77.8529411764706 79.6969696969697 80.26923076923077
9c:6f:52:15:d2:79 77.46341463414635 72.97727272727273 74.61363636363636 81.3103448275862 69.13636363636364 67.02272727272727 73.5909090909091 87.10526315789474
98:0d:67:3e:39:61 81.63636363636364 77.68181818181819 77.13636363636364 84.6 67.11363636363636 70.20454545454545 77.05263157894737 85.1304347826087
c8:54:4b:92:43:61 71.48837209302326 63.86363636363637 59.97727272727273 72.20930232558139 58.86363636363637 51.47727272727273 63.86363636363637 77.96875 87.0
c8:54:4b:93:d1:01 60.627906976744185 53.43181818181818 58.36363636363637 68.88372093023256 49.86363636363637 49.22727272727273 56.54545454545455 73.90697674418605 82.94594594594595
ae:22:15:8b:d2:59 73.73809523809524 71.89285714285714 67.425 72.61538461538461 75.62790697674419 75.42105263157895 79.4375 82.22222222222223
ac:22:05:8b:d2:59 73.79069767441861 69.87878787878788 68.38636363636364 74.34883720930233 74.95348837209302 76.1891891891892 77.55555555555556 81.6842105263158
ae:22:15:16:f1:d5 85.4 80.0 79.65384615384616 83.43333333333334 75.4390243902439 74.1590909090909 80.75 82.8
ac:22:05:16:f1:d5 83.8 77.875 78.0 88.5 75.75 73.08571428571429 80.70370370370371 88.5
ca:54:4b:b3:d1:02 68.48648648648648 59.48837209302326 57.79545454545455 70.0 50.5 49.75 56.0625 70.5 86.75
b8:3a:08:72:5b:91 79.0
96:9a:4a:f3:ef:ea 78.0 81.0
2c:b2:1a:96:4f:0a 83.4
44:fe:3b:74:48:88 84.16666666666667 75.76 76.075 77.0 79.11111111111111
70:2e:22:8a:e3:4d 86.1 80.0 80.0
00:1d:c9:07:2d:f7 83.48484848484848 80.25925925925925 80.66666666666667 87.91666666666667 81.82608695652173 79.71428571428571 80.8
6a:02:98:4e:c0:70 79.85714285714286 80.0 80.03703703703704 82.10344827586206 81.5
68:02:b8:4e:c0:70 80.5 80.75 78.52941176470588 88.33333333333333 83.0 79.0
88:d2:74:aa:90:a8 85.66666666666667
b8:3a:08:5b:30:91 77.0
06:83:c8:73:5f:6f 82.0
50:7e:5d:7c:b3:32 81.25 73.97727272727273 71.72413793103448 77.51515151515152 64.97222222222223 66.3953488372093 75.74193548387096 86.95238095238095 86.84615384615384
70:2e:22:8a:e3:4e 86.3 87.0
2a:35:d1:2b:9a:d9 83.25 81.0 80.0 80.47368421052632
6c:b7:49:2c:93:11 84.0
90:9a:4a:05:f5:b6 82.0
90:9a:4a:f3:ef:ea 85.0
8a:ac:c0:be:6a:a1 83.0 80.92 83.81818181818181 81.5 81.0
04:f0:21:49:24:5f 71.0
5c:a8:6a:0a:d1:2c 85.625 77.71052631578948 79.72727272727273 82.44 80.70588235294117 80.0 81.07894736842105 84.94285714285714 91.6
4c:1b:86:91:9b:db 85.0 82.0 81.0
54:be:53:7b:c7:f5 84.85714285714286
c4:06:83:45:89:a5 85.0
6c:b7:49:2c:93:10 85.0
34:ce:00:52:84:2c 85.08695652173913
12:5f:67:78:21:06 86.0 80.0 86.47368421052632
9a:0d:67:32:0d:92 90.0
54:fa:3e:bd:f6:4a 82.0
98:0d:67:32:0d:92 90.0
ac:22:05:a3:99:b2 85.0
bc:a5:11:ad:06:62 88.0
00:5f:67:78:21:06 87.0 81.0 84.4375
d0:60:8c:23:3d:d3 91.0 90.0 80.0 82.0 80.8
ac:22:05:a3:99:e4 88.0 80.0 81.0 80.125
82:29:94:c4:2b:c5 90.0 81.0 91.42857142857143
ac:22:05:5b:91:ad 85.0
10:b1:f8:a3:c1:6c 85.0
64:6d:6c:02:45:78 81.375 81.0 88.05263157894737 80.0
80:29:94:c4:2b:c4 87.0
8a:ac:c0:ae:6a:a1 87.0 81.08 84.22222222222223 80.26923076923077 81.0 81.45454545454545 89.0
9c:6f:52:15:d2:7a 74.0 79.37931034482759 83.0 76.6829268292683 72.43181818181819 85.72413793103448 87.0
1c:64:99:71:d6:f0 81.71428571428571 81.0 79.0
00:5f:67:78:1e:1e 87.0 77.0
1c:3a:de:96:1a:29 74.46153846153847 75.28571428571429 75.44 74.41935483870968
ae:22:15:5b:91:c5 81.0 82.0
ae:22:15:a3:99:e4 80.0 79.46153846153847
98:01:a7:e6:45:d0 81.0 81.0
32:b1:b5:2d:92:51 81.0
38:b1:db:2e:54:53 81.0 84.0 81.0
06:5f:67:78:1e:1e 79.88888888888889 80.0 89.25 79.05 81.0
8a:ac:c0:9e:6a:a1 81.08695652173913 87.5 80.29629629629629 81.0 81.0
88:ac:c0:be:6a:a1 81.11764705882354 86.6 79.14285714285714 81.0 82.0 91.0
18:35:d1:2b:9a:d9 82.0 81.16666666666667
88:d2:74:aa:90:a7 81.0 80.0
34:da:b7:df:7e:75 80.0 90.4 78.8 81.0 80.0
7a:60:8c:23:3d:d1 91.33333333333333 81.0 81.0 81.0
4a:5a:b6:71:57:70 80.34482758620689 80.22222222222223
ac:22:05:16:f1:c7 71.35714285714286 71.63888888888889
f0:9f:c2:fd:23:9d 82.0
32:b5:c2:b8:63:ad 80.0
48:d3:43:1b:79:d9 80.75
8a:ac:c0:9e:6a:a2 77.0
88:ac:c0:be:6a:a2 77.0
6a:02:98:06:63:fe 82.0
5a:d3:43:a7:de:79 81.0
70:77:81:84:0a:19 83.0 81.0 81.0
c8:00:84:84:d5:32 88.92307692307692 89.0 89.0
c8:00:84:84:d5:35 89.91666666666667 90.95238095238095
c8:00:84:84:d5:31 89.41666666666667 91.16666666666667
c8:00:84:84:d5:34 89.0 88.42857142857143
c8:00:84:84:d5:30 88.25 91.33333333333333
88:dc:96:0f:b4:c2 91.0 85.90697674418605
c8:d1:2a:3e:e0:94 91.0 83.96153846153847
c8:d1:2a:29:2b:94 83.77777777777777
12:5f:67:78:21:07 84.30555555555556
66:eb:8c:69:6f:f6 86.85714285714286
00:02:6f:d8:84:d0 82.48
12:5f:67:74:e6:8a 88.0
00:1d:60:e3:8c:48 90.61111111111111
1a:e8:29:ed:7e:67 87.6
c8:d1:2a:29:2b:90 82.72222222222223
4c:1b:86:56:7a:6f 83.37837837837837
c0:25:06:92:71:5f 88.85
18:35:d1:13:d4:b7 88.0
cc:d4:2e:15:df:f4 85.73076923076923
6a:d3:43:cf:88:51 87.33333333333333
5a:d3:43:cf:88:51 86.0
48:d3:43:cf:88:51 85.92307692307692
18:d6:c7:52:d6:ea 89.23076923076923
18:e8:29:ed:7e:67 86.33333333333333
7c:8b:ca:b7:bc:c8 87.63636363636364
2a:35:d1:13:d4:b1 89.23529411764706
f0:29:29:0e:5e:20 89.07692307692308
f0:29:29:0e:5e:21 89.53846153846153
00:5f:67:74:e6:8a 90.0
c8:d1:2a:3e:e0:98 81.94285714285714
00:5f:67:78:21:07 84.28571428571429
ce:d4:2e:25:df:f4 86.6842105263158
74:da:88:ed:0a:c1 89.0
c8:00:84:84:d5:3a 83.26923076923077
c8:00:84:84:d5:3e 83.10344827586206
c8:00:84:84:d5:3d 83.2258064516129
c8:00:84:84:d5:3b 82.55172413793103
c8:00:84:84:d5:3f 83.04
6a:fe:3b:7d:df:e0 90.0
70:9f:2d:9a:2d:3c 89.9090909090909
92:00:4e:7c:ea:69 89.04761904761905
90:00:4e:7c:ea:68 89.18181818181819
18:35:d1:13:d4:b1 89.44444444444444
24:f5:a2:6d:8e:bf 89.0
24:f5:a2:6d:8e:be 91.0
54:67:51:e0:81:c7 91.16666666666667
c8:54:4b:93:d1:02 67.93023255813954 58.90909090909091 57.29545454545455 66.46511627906976 49.56818181818182 48.95454545454545 55.5 73.13953488372093 84.44
ca:54:4b:b2:43:62 78.04651162790698 69.8409090909091 69.86363636363636 82.02325581395348 62.31818181818182 59.06818181818182 71.70454545454545 81.74418604651163
c8:54:4b:92:43:62 78.4186046511628 69.81818181818181 69.86363636363636 81.30232558139535 62.38636363636363 58.84090909090909 71.47727272727273 81.3953488372093
ac:22:05:8b:d2:13 65.30232558139535 65.72727272727273 64.93181818181819 76.82051282051282 71.06451612903226 72.45161290322581 71.66666666666667 81.66666666666667
88:ac:c0:59:92:f1 85.0 80.52380952380952 80.7 86.65853658536585 81.375 80.0 80.0
44:fe:3b:74:48:87 76.95238095238095 70.5813953488372 65.48484848484848 74.76744186046511 72.15625 77.8529411764706 79.6969696969697 80.26923076923077
9c:6f:52:15:d2:79 77.46341463414635 72.97727272727273 74.61363636363636 81.3103448275862 69.13636363636364 67.02272727272727 73.5909090909091 87.10526315789474
98:0d:67:3e:39:61 81.63636363636364 77.68181818181819 77.13636363636364 84.6 67.11363636363636 70.20454545454545 77.05263157894737 85.1304347826087
c8:54:4b:92:43:61 71.48837209302326 63.86363636363637 59.97727272727273 72.20930232558139 58.86363636363637 51.47727272727273 63.86363636363637 77.96875 87.0
c8:54:4b:93:d1:01 60.627906976744185 53.43181818181818 58.36363636363637 68.88372093023256 49.86363636363637 49.22727272727273 56.54545454545455 73.90697674418605 82.94594594594595
ae:22:15:8b:d2:59 73.73809523809524 71.89285714285714 67.425 72.61538461538461 75.62790697674419 75.42105263157895 79.4375 82.22222222222223
ac:22:05:8b:d2:59 73.79069767441861 69.87878787878788 68.38636363636364 74.34883720930233 74.95348837209302 76.1891891891892 77.55555555555556 81.6842105263158
ae:22:15:16:f1:d5 85.4 80.0 79.65384615384616 83.43333333333334 75.4390243902439 74.1590909090909 80.75 82.8
ac:22:05:16:f1:d5 83.8 77.875 78.0 88.5 75.75 73.08571428571429 80.70370370370371 88.5
ca:54:4b:b3:d1:02 68.48648648648648 59.48837209302326 57.79545454545455 70.0 50.5 49.75 56.0625 70.5 86.75
b8:3a:08:72:5b:91 79.0
96:9a:4a:f3:ef:ea 78.0 81.0
2c:b2:1a:96:4f:0a 83.4
44:fe:3b:74:48:88 84.16666666666667 75.76 76.075 77.0 79.11111111111111
70:2e:22:8a:e3:4d 86.1 80.0 80.0
00:1d:c9:07:2d:f7 83.48484848484848 80.25925925925925 80.66666666666667 87.91666666666667 81.82608695652173 79.71428571428571 80.8
6a:02:98:4e:c0:70 79.85714285714286 80.0 80.03703703703704 82.10344827586206 81.5
68:02:b8:4e:c0:70 80.5 80.75 78.52941176470588 88.33333333333333 83.0 79.0
88:d2:74:aa:90:a8 85.66666666666667
b8:3a:08:5b:30:91 77.0
06:83:c8:73:5f:6f 82.0
50:7e:5d:7c:b3:32 81.25 73.97727272727273 71.72413793103448 77.51515151515152 64.97222222222223 66.3953488372093 75.74193548387096 86.95238095238095 86.84615384615384
70:2e:22:8a:e3:4e 86.3 87.0
2a:35:d1:2b:9a:d9 83.25 81.0 80.0 80.47368421052632
6c:b7:49:2c:93:11 84.0
90:9a:4a:05:f5:b6 82.0
90:9a:4a:f3:ef:ea 85.0
8a:ac:c0:be:6a:a1 83.0 80.92 83.81818181818181 81.5 81.0
04:f0:21:49:24:5f 71.0
5c:a8:6a:0a:d1:2c 85.625 77.71052631578948 79.72727272727273 82.44 80.70588235294117 80.0 81.07894736842105 84.94285714285714 91.6
4c:1b:86:91:9b:db 85.0 82.0 81.0
54:be:53:7b:c7:f5 84.85714285714286
c4:06:83:45:89:a5 85.0
6c:b7:49:2c:93:10 85.0
34:ce:00:52:84:2c 85.08695652173913
12:5f:67:78:21:06 86.0 80.0 86.47368421052632
9a:0d:67:32:0d:92 90.0
54:fa:3e:bd:f6:4a 82.0
98:0d:67:32:0d:92 90.0
ac:22:05:a3:99:b2 85.0
bc:a5:11:ad:06:62 88.0
00:5f:67:78:21:06 87.0 81.0 84.4375
d0:60:8c:23:3d:d3 91.0 90.0 80.0 82.0 80.8
ac:22:05:a3:99:e4 88.0 80.0 81.0 80.125
82:29:94:c4:2b:c5 90.0 81.0 91.42857142857143
ac:22:05:5b:91:ad 85.0
10:b1:f8:a3:c1:6c 85.0
64:6d:6c:02:45:78 81.375 81.0 88.05263157894737 80.0
80:29:94:c4:2b:c4 87.0
8a:ac:c0:ae:6a:a1 87.0 81.08 84.22222222222223 80.26923076923077 81.0 81.45454545454545 89.0
9c:6f:52:15:d2:7a 74.0 79.37931034482759 83.0 76.6829268292683 72.43181818181819 85.72413793103448 87.0
1c:64:99:71:d6:f0 81.71428571428571 81.0 79.0
00:5f:67:78:1e:1e 87.0 77.0
1c:3a:de:96:1a:29 74.46153846153847 75.28571428571429 75.44 74.41935483870968
ae:22:15:5b:91:c5 81.0 82.0
ae:22:15:a3:99:e4 80.0 79.46153846153847
98:01:a7:e6:45:d0 81.0 81.0
32:b1:b5:2d:92:51 81.0
38:b1:db:2e:54:53 81.0 84.0 81.0
06:5f:67:78:1e:1e 79.88888888888889 80.0 89.25 79.05 81.0
8a:ac:c0:9e:6a:a1 81.08695652173913 87.5 80.29629629629629 81.0 81.0
88:ac:c0:be:6a:a1 81.11764705882354 86.6 79.14285714285714 81.0 82.0 91.0
18:35:d1:2b:9a:d9 82.0 81.16666666666667
88:d2:74:aa:90:a7 81.0 80.0
34:da:b7:df:7e:75 80.0 90.4 78.8 81.0 80.0
7a:60:8c:23:3d:d1 91.33333333333333 81.0 81.0 81.0
4a:5a:b6:71:57:70 80.34482758620689 80.22222222222223
ac:22:05:16:f1:c7 71.35714285714286 71.63888888888889
f0:9f:c2:fd:23:9d 82.0
32:b5:c2:b8:63:ad 80.0
48:d3:43:1b:79:d9 80.75
8a:ac:c0:9e:6a:a2 77.0
88:ac:c0:be:6a:a2 77.0
6a:02:98:06:63:fe 82.0
5a:d3:43:a7:de:79 81.0
70:77:81:84:0a:19 83.0 81.0 81.0
c8:00:84:84:d5:32 88.92307692307692 89.0 89.0
c8:00:84:84:d5:35 89.91666666666667 90.95238095238095
c8:00:84:84:d5:31 89.41666666666667 91.16666666666667
c8:00:84:84:d5:34 89.0 88.42857142857143
c8:00:84:84:d5:30 88.25 91.33333333333333
88:dc:96:0f:b4:c2 91.0 85.90697674418605
c8:d1:2a:3e:e0:94 91.0 83.96153846153847
c8:d1:2a:29:2b:94 83.77777777777777
12:5f:67:78:21:07 84.30555555555556
66:eb:8c:69:6f:f6 86.85714285714286
00:02:6f:d8:84:d0 82.48
12:5f:67:74:e6:8a 88.0
00:1d:60:e3:8c:48 90.61111111111111
1a:e8:29:ed:7e:67 87.6
c8:d1:2a:29:2b:90 82.72222222222223
4c:1b:86:56:7a:6f 83.37837837837837
c0:25:06:92:71:5f 88.85
18:35:d1:13:d4:b7 88.0
cc:d4:2e:15:df:f4 85.73076923076923
6a:d3:43:cf:88:51 87.33333333333333
5a:d3:43:cf:88:51 86.0
48:d3:43:cf:88:51 85.92307692307692
18:d6:c7:52:d6:ea 89.23076923076923
18:e8:29:ed:7e:67 86.33333333333333
7c:8b:ca:b7:bc:c8 87.63636363636364
2a:35:d1:13:d4:b1 89.23529411764706
f0:29:29:0e:5e:20 89.07692307692308
f0:29:29:0e:5e:21 89.53846153846153
00:5f:67:74:e6:8a 90.0
c8:d1:2a:3e:e0:98 81.94285714285714
00:5f:67:78:21:07 84.28571428571429
ce:d4:2e:25:df:f4 86.6842105263158
74:da:88:ed:0a:c1 89.0
c8:00:84:84:d5:3a 83.26923076923077
c8:00:84:84:d5:3e 83.10344827586206
c8:00:84:84:d5:3d 83.2258064516129
c8:00:84:84:d5:3b 82.55172413793103
c8:00:84:84:d5:3f 83.04
6a:fe:3b:7d:df:e0 90.0
70:9f:2d:9a:2d:3c 89.9090909090909
92:00:4e:7c:ea:69 89.04761904761905
90:00:4e:7c:ea:68 89.18181818181819
18:35:d1:13:d4:b1 89.44444444444444
24:f5:a2:6d:8e:bf 89.0
24:f5:a2:6d:8e:be 91.0
54:67:51:e0:81:c7 91.16666666666667
